0 121
0 508
0 82
0 929
0 630
0 473
0 96
0 559
0 950
0 179
1 190
1 163
1 895
1 360
1 774
1 917
1 900
1 927
1 164
1 350
1 903
1 416
1 834
1 374
1 572
1 470
1 657
2 149
2 513
2 620
2 523
2 619
2 358
2 253
2 986
3 301
3 464
3 88
3 224
3 739
3 286
3 31
3 602
3 815
3 139
4 150
4 99
4 941
4 434
4 76
4 594
4 587
5 215
5 811
5 615
5 514
5 468
5 297
5 815
6 870
6 123
6 8
6 321
6 439
6 320
6 323
6 279
6 58
6 61
6 638
7 337
7 770
7 782
7 431
7 353
7 426
7 429
7 509
7 403
7 854
8 337
8 775
8 418
8 424
8 623
8 620
9 724
9 665
9 723
9 21
9 285
9 342
9 434
9 620
9 787
9 597
9 197
10 742
10 464
10 688
10 617
10 308
10 716
10 753
10 291
10 282
10 160
10 149
10 172
10 252
10 607
10 266
10 410
10 884
10 707
10 515
10 177
10 882
10 528
10 851
10 321
10 123
10 287
10 142
10 724
10 463
10 717
10 257
10 597
10 763
10 923
10 212
10 379
10 457
10 479
11 801
11 21
11 832
11 539
11 126
11 494
11 566
11 322
11 753
12 536
12 389
12 374
12 343
12 89
12 990
12 484
13 836
13 163
13 441
13 870
13 416
13 487
13 644
13 561
13 476
14 464
14 910
14 25
14 623
14 460
15 564
15 188
15 449
15 923
15 293
15 730
15 355
16 700
16 264
16 397
16 56
16 495
16 968
17 980
17 472
17 361
17 234
17 139
17 724
17 27
17 515
17 590
17 978
17 490
18 794
18 804
18 501
18 173
18 257
18 275
18 31
18 966
19 635
19 745
19 554
19 192
19 280
19 109
19 620
20 724
20 662
20 213
20 709
20 679
20 217
20 263
20 382
20 733
20 862
20 294
20 343
20 105
20 391
20 222
20 127
20 65
21 55
21 591
21 923
21 650
21 477
21 424
21 450
21 89
21 860
21 877
22 783
22 828
22 788
22 693
22 183
22 861
22 923
22 504
22 807
22 587
22 433
23 133
23 504
23 445
23 628
23 224
23 93
23 785
24 769
24 463
24 401
24 493
24 364
24 516
24 559
24 322
24 814
24 874
24 644
24 990
24 702
24 909
24 490
24 854
25 289
25 971
25 497
25 85
25 109
25 804
25 617
26 733
26 953
26 728
26 599
26 250
26 923
26 460
27 647
27 464
27 954
27 449
27 33
27 321
27 937
27 915
27 557
27 368
27 746
27 922
27 614
27 637
27 755
27 217
27 566
27 732
27 128
28 816
28 918
28 403
28 319
28 879
28 596
28 594
28 280
29 671
29 794
29 804
29 503
29 570
29 867
29 530
29 813
29 825
30 423
30 314
30 247
30 266
30 371
30 152
30 677
30 341
31 99
31 691
31 214
31 969
31 756
31 577
31 291
31 681
31 406
31 350
31 798
32 192
32 369
32 938
32 515
32 382
32 395
32 740
32 233
32 687
32 622
32 676
32 767
32 356
33 113
33 545
33 962
33 778
33 770
33 576
33 465
33 76
33 363
33 379
33 89
33 470
33 135
33 866
33 854
34 493
34 39
34 76
34 728
34 519
35 844
35 277
35 711
35 577
35 699
35 990
35 171
36 239
36 601
36 836
36 426
36 819
36 640
36 485
36 975
36 938
36 321
37 156
37 232
37 627
37 802
37 100
37 570
38 299
38 215
38 870
38 781
38 961
38 948
38 659
38 918
38 540
39 311
39 809
39 397
39 322
39 187
39 149
39 348
39 676
39 963
39 396
39 757
39 128
40 149
40 823
40 173
40 856
40 809
41 759
41 434
41 379
41 621
41 427
42 506
42 794
42 644
42 728
42 547
42 342
42 397
42 583
43 805
43 636
43 612
43 591
43 367
43 114
43 46
43 827
44 534
44 359
44 965
44 148
44 972
44 672
44 474
44 938
44 480
44 244
44 819
44 890
44 768
45 554
45 229
45 754
45 621
45 755
45 573
45 736
45 433
45 988
46 770
46 114
46 683
46 697
46 335
46 872
46 637
47 858
47 404
47 120
47 755
47 657
47 875
47 64
47 660
47 100
48 448
48 770
48 200
48 203
48 462
48 599
48 742
48 646
48 862
48 468
49 529
49 72
49 360
49 417
49 988
49 488
49 184
50 667
50 273
50 477
50 256
50 178
50 852
50 756
50 918
50 848
51 379
51 349
51 94
51 557
51 842
52 833
52 571
52 612
52 64
52 644
52 971
52 505
52 341
53 262
53 509
53 378
53 269
53 478
53 728
53 70
53 637
53 798
53 785
54 440
54 586
54 458
54 497
54 484
54 698
54 252
55 623
55 404
55 602
55 489
55 376
55 892
55 76
55 396
55 798
56 734
56 798
56 924
56 495
57 399
57 254
57 487
57 810
57 472
57 433
58 243
58 861
58 368
58 645
58 445
58 336
58 801
58 490
58 798
58 341
59 232
59 60
59 76
59 81
59 655
59 357
60 896
60 415
60 882
60 548
60 933
60 472
60 169
60 323
60 798
61 790
61 709
61 227
61 171
61 786
61 792
61 662
61 592
61 634
61 81
61 151
61 370
61 297
61 261
61 761
61 432
61 776
61 330
61 609
61 843
61 685
61 827
62 790
62 299
62 922
62 286
62 275
62 347
62 884
62 417
62 717
62 470
62 510
63 700
63 158
63 299
63 434
63 754
63 677
63 617
64 950
64 66
64 232
64 648
64 421
64 621
65 579
65 153
65 786
65 487
65 829
65 323
65 334
65 973
65 553
65 672
65 421
66 848
66 307
66 505
66 352
66 201
66 250
66 115
67 549
67 965
67 959
67 227
67 310
67 517
67 743
67 115
67 554
67 855
67 303
67 83
67 730
67 854
68 724
68 982
68 706
68 248
68 960
68 336
68 703
68 641
68 384
69 790
69 153
69 782
69 669
69 464
69 963
69 122
69 639
69 347
69 158
69 883
69 164
69 785
70 608
70 824
70 416
70 949
70 923
70 362
70 451
71 886
71 596
71 504
71 738
71 811
71 447
72 670
72 870
72 77
72 89
72 354
72 568
73 851
73 561
73 878
73 195
73 896
73 795
73 510
74 620
74 728
74 371
74 383
74 864
74 317
75 674
75 400
75 784
75 625
75 326
75 624
75 827
76 761
76 133
76 170
76 191
76 430
76 113
76 118
76 776
76 390
76 842
76 545
76 663
76 462
76 649
76 845
76 563
76 129
76 348
76 871
76 667
76 942
76 365
76 254
76 588
76 498
76 611
76 255
76 195
76 271
76 671
76 935
76 866
76 635
76 582
76 775
76 571
76 394
76 685
76 625
77 794
77 781
77 417
77 875
77 896
78 724
78 665
78 210
78 531
78 470
78 795
78 177
78 916
78 264
78 570
78 573
79 842
79 923
79 925
79 433
79 977
79 118
79 652
80 200
80 571
80 101
80 797
80 422
81 959
81 482
81 713
81 965
81 856
81 119
81 785
82 560
82 833
82 707
82 379
82 978
82 234
82 923
82 473
83 920
83 412
83 102
83 921
83 562
83 961
84 519
84 242
84 638
84 872
84 539
84 510
85 395
85 361
85 510
85 155
85 481
85 583
85 252
85 641
85 657
86 612
86 830
86 395
86 186
86 195
86 964
86 729
86 628
86 457
86 785
87 613
87 942
87 968
87 522
87 738
87 456
87 126
88 143
88 721
88 178
88 539
88 624
88 708
88 679
88 288
88 508
88 665
88 859
88 779
88 671
88 545
88 787
88 469
88 514
88 953
88 449
88 348
88 326
88 300
88 134
88 852
88 319
88 127
88 641
89 376
89 424
89 955
89 272
89 383
89 584
89 616
89 961
89 762
89 652
89 190
89 930
89 469
89 964
89 542
89 644
90 808
90 156
90 577
90 612
90 456
90 349
90 468
91 316
91 901
91 140
91 677
91 530
91 94
91 798
92 770
92 221
92 587
92 456
92 591
92 526
92 771
92 657
92 740
92 887
92 553
93 711
93 487
93 594
93 139
93 399
93 697
94 388
94 726
94 793
94 730
94 401
94 449
94 727
95 667
95 634
95 754
95 944
95 737
95 510
96 206
96 389
96 656
96 365
96 902
96 128
97 477
97 168
97 379
97 111
97 699
97 833
97 466
97 709
98 721
98 951
98 923
98 379
98 453
99 783
99 474
99 757
99 680
99 935
99 232
99 223
99 803
99 824
99 362
99 701
99 253
99 754
99 806
100 547
100 443
100 430
100 959
100 722
100 618
100 773
100 616
100 561
100 303
100 224
100 854
100 990
100 468
101 661
101 499
101 644
101 430
101 232
101 187
101 435
102 853
102 434
102 552
102 120
102 756
102 491
102 494
102 276
102 547
102 627
102 851
102 621
103 519
103 256
103 740
103 679
103 401
103 943
103 108
103 354
103 864
103 311
103 296
103 230
103 624
103 766
103 168
103 900
103 531
104 832
104 715
104 446
104 461
104 497
104 515
104 641
105 810
105 870
105 649
105 797
105 819
105 113
105 862
105 227
106 794
106 407
106 664
106 556
106 500
107 564
107 724
107 432
107 465
107 800
107 419
107 136
108 844
108 177
108 919
108 707
108 879
109 402
109 565
109 206
109 191
109 493
109 701
109 491
109 836
109 850
109 184
109 349
109 790
109 527
109 243
109 141
109 661
109 170
109 986
109 585
109 195
109 426
109 973
109 785
109 406
109 677
109 486
109 398
109 478
109 211
109 652
110 542
110 560
110 454
110 449
110 188
110 299
110 706
110 599
110 314
110 690
110 938
110 360
110 374
110 948
110 379
110 685
110 582
110 556
111 701
111 455
111 793
111 324
111 843
111 655
111 889
111 345
111 872
111 122
112 241
112 942
112 850
112 938
112 357
112 953
112 197
112 308
112 526
113 794
113 859
113 510
113 957
113 664
113 645
113 870
113 165
113 686
113 687
114 430
114 166
114 730
114 811
115 790
115 955
115 386
115 905
115 762
115 252
115 983
116 337
116 711
116 437
116 624
116 591
116 520
116 180
116 964
117 409
117 908
117 952
117 192
117 178
117 606
117 491
118 805
118 221
118 573
119 228
119 674
119 325
119 787
119 641
120 554
120 921
120 395
120 916
120 537
120 373
120 710
121 181
121 517
121 628
121 352
121 299
121 232
122 986
122 240
122 256
122 644
122 332
122 607
122 386
122 201
123 844
123 200
123 387
123 434
123 329
123 184
123 216
123 973
124 180
124 298
124 372
124 763
124 908
124 790
124 604
125 347
125 674
125 452
125 391
125 641
126 735
126 374
126 407
126 363
127 614
127 977
127 936
127 707
127 667
127 323
127 868
127 646
127 650
127 640
127 628
127 527
127 468
127 873
128 850
128 176
128 220
128 703
128 358
128 717
128 716
128 162
128 232
128 952
128 891
128 991
128 699
128 400
128 732
128 508
128 157
128 609
128 897
128 242
128 900
128 758
128 600
128 174
128 411
128 229
128 720
128 857
128 338
128 249
128 349
128 625
129 201
129 420
129 815
129 286
129 906
129 487
129 745
129 481
129 282
130 848
130 231
130 656
130 435
130 232
130 257
130 631
130 145
130 620
130 526
130 685
130 894
131 401
131 294
131 302
131 364
131 453
131 835
131 641
131 490
132 249
132 875
132 589
132 789
132 623
132 846
132 500
132 269
132 720
132 644
132 990
132 815
132 590
132 736
132 197
133 477
133 231
133 566
133 237
133 557
133 861
133 408
133 525
133 476
133 268
133 425
133 716
133 302
133 809
133 862
133 596
133 417
133 178
134 761
134 542
134 752
134 343
134 571
134 945
134 714
135 254
135 493
135 552
135 207
135 178
136 783
136 429
136 702
136 989
136 798
137 769
137 147
137 515
137 644
137 774
137 569
137 378
137 146
137 692
137 405
137 579
137 845
137 731
137 806
138 571
138 831
138 365
138 720
138 587
138 323
138 385
138 282
138 891
138 909
138 249
138 747
138 563
138 255
138 782
138 285
139 913
139 255
139 561
139 854
140 724
140 734
140 761
140 493
140 688
140 439
140 945
140 341
140 168
141 654
141 747
141 239
141 905
141 237
141 762
141 591
141 504
142 891
142 515
142 620
142 183
142 717
142 948
142 274
143 564
143 790
143 313
143 670
143 186
143 611
143 395
143 964
143 990
143 925
143 827
144 848
144 783
144 157
144 283
144 805
144 344
144 626
145 612
145 918
145 657
145 231
145 433
145 510
146 794
146 674
146 832
146 483
146 557
146 816
146 320
146 487
146 703
147 389
147 257
147 439
147 292
147 831
147 431
147 580
147 802
147 977
147 641
148 937
148 294
148 755
148 211
148 160
148 659
148 729
148 788
148 568
148 226
149 579
149 788
149 324
149 198
149 338
149 371
149 772
149 734
149 156
149 853
149 958
149 374
150 734
150 576
150 189
150 600
150 660
150 263
150 158
150 949
150 744
150 340
150 341
151 494
151 426
151 786
151 678
151 216
151 193
151 943
151 509
151 764
151 644
151 984
152 311
152 739
152 430
152 782
152 445
152 565
152 345
152 312
152 831
152 571
152 291
152 520
152 308
152 774
152 459
153 704
153 670
153 693
153 260
153 424
153 473
153 533
154 399
154 509
154 902
154 550
154 474
154 218
154 657
154 226
154 637
154 157
154 438
154 264
155 414
155 275
155 177
155 923
156 579
156 794
156 674
156 315
156 442
156 452
156 532
156 620
156 530
157 700
157 399
157 855
157 923
158 775
158 703
158 315
158 802
158 529
158 772
158 681
158 627
158 612
158 473
158 642
159 780
159 187
159 380
159 418
159 522
159 593
159 404
159 243
159 484
159 498
160 529
160 923
160 947
160 622
160 758
160 587
160 319
161 911
161 759
161 201
161 886
161 757
161 790
161 895
162 770
162 651
162 387
162 168
162 774
162 597
162 298
162 785
163 389
163 667
163 237
163 537
163 835
163 942
163 505
163 242
163 366
163 654
163 851
163 181
163 174
163 729
163 754
163 515
163 738
163 226
164 955
164 227
164 318
164 978
165 464
165 511
165 354
165 771
165 264
165 719
165 521
165 456
165 328
165 763
166 817
166 438
166 625
166 750
167 562
167 313
167 436
167 560
167 499
167 405
167 857
167 386
167 516
168 210
168 923
168 980
168 448
168 170
168 356
168 708
168 536
168 581
168 938
168 456
168 354
168 341
168 479
168 785
169 667
169 778
169 842
169 891
169 582
170 463
170 486
170 376
170 178
170 429
170 302
170 493
170 736
170 468
170 341
171 316
171 554
171 436
172 886
172 921
172 629
172 500
172 960
172 838
173 522
173 763
173 462
173 586
174 373
174 940
174 612
174 648
174 502
174 461
175 224
175 543
175 386
175 885
175 567
175 606
175 435
175 633
176 833
176 770
176 434
176 847
176 487
176 825
176 476
176 271
176 403
176 491
177 911
177 343
177 436
177 642
177 894
177 328
177 426
177 827
178 878
178 325
179 971
179 382
179 817
179 933
179 412
179 312
179 236
179 496
179 582
179 785
180 190
180 931
180 600
180 843
180 221
180 487
180 476
180 877
181 952
181 551
181 521
181 821
181 684
181 605
182 483
182 746
182 754
182 362
182 281
182 807
182 349
183 653
183 422
183 839
183 800
183 216
184 724
184 261
184 229
184 974
184 504
184 351
184 990
185 674
185 937
185 319
185 328
185 625
186 670
186 579
186 650
186 585
186 653
186 950
186 687
186 424
186 880
186 644
187 769
187 415
187 305
187 460
187 333
188 921
188 464
188 425
188 983
188 379
188 992
188 811
188 366
188 568
188 806
189 596
189 504
189 528
189 903
189 710
189 593
189 485
190 549
190 771
190 370
190 697
190 483
190 794
190 942
190 207
190 710
190 815
190 854
191 443
191 259
191 323
191 940
191 816
191 368
192 928
192 697
192 460
192 927
192 272
192 315
192 397
192 505
193 202
193 788
193 263
193 196
193 526
193 346
194 525
194 748
194 627
194 504
194 218
194 935
195 661
195 229
195 487
195 873
195 978
195 468
196 629
196 987
196 613
196 572
196 337
196 283
196 803
196 210
196 297
196 981
197 661
197 379
197 417
197 921
198 450
198 319
198 350
198 210
198 842
198 328
198 656
198 418
198 687
198 676
198 728
198 341
199 443
199 429
199 486
199 616
199 900
199 812
199 339
199 925
199 763
200 347
200 428
200 682
200 665
200 325
200 393
200 240
200 923
200 580
200 207
200 658
201 372
201 961
201 334
201 634
201 921
201 918
201 329
201 295
202 519
202 952
202 379
202 588
202 341
202 839
203 770
203 870
203 902
203 351
203 764
203 231
203 638
203 685
204 364
204 775
204 264
204 545
204 510
204 468
204 769
204 796
204 353
204 877
204 641
205 241
205 365
205 591
205 362
205 544
206 671
206 406
206 425
206 947
206 981
206 692
206 912
207 772
207 309
207 584
207 953
207 947
207 426
207 656
207 384
207 559
207 872
207 991
207 418
207 817
207 343
207 279
207 731
208 898
208 952
208 476
208 876
208 254
208 737
208 861
208 796
208 785
209 370
209 416
209 725
209 829
209 857
210 458
210 420
211 409
211 610
211 746
211 270
211 421
211 269
211 731
211 728
212 743
212 394
212 285
212 978
212 361
212 375
212 929
212 877
213 772
213 416
213 840
213 792
213 547
213 762
213 884
213 883
214 700
214 754
214 792
214 855
214 808
214 395
214 722
214 274
214 778
214 798
214 693
215 534
215 976
215 721
215 323
215 985
215 710
215 798
216 434
216 669
216 406
216 263
216 985
216 512
216 803
216 747
216 396
216 529
216 654
216 469
216 485
217 794
217 241
217 908
217 954
217 985
217 990
217 728
217 730
217 641
218 487
218 604
218 759
218 468
218 503
218 884
218 808
218 731
219 588
219 455
219 521
219 813
219 760
219 461
219 246
219 660
219 824
220 429
220 923
220 836
220 916
220 936
220 926
220 317
221 270
221 629
221 966
221 871
222 886
222 834
222 754
222 442
222 226
222 830
223 475
223 631
223 408
223 580
223 643
223 544
224 656
224 883
224 245
224 526
224 743
224 305
224 244
224 253
224 429
224 617
225 494
225 931
225 965
225 698
225 305
225 287
225 532
226 904
226 506
226 754
226 828
226 366
226 232
226 532
226 903
226 276
226 292
226 932
226 577
226 564
226 604
226 967
226 809
226 380
226 575
226 274
226 637
227 434
227 229
227 735
227 512
227 977
227 311
227 529
227 789
227 496
227 816
227 446
227 478
227 964
228 378
228 861
228 776
228 257
228 467
229 674
229 373
229 808
229 792
229 939
229 891
229 436
230 921
230 653
230 688
230 323
230 595
230 532
230 367
230 652
231 413
231 389
231 950
231 526
231 297
232 448
232 674
232 742
232 496
232 831
232 429
232 416
232 818
232 940
232 446
232 992
232 293
232 718
232 759
232 946
232 473
232 559
232 633
232 235
232 590
232 922
232 277
232 935
232 233
232 515
232 877
232 593
233 438
233 548
233 932
233 767
233 524
233 562
233 238
233 510
234 920
234 789
234 742
234 425
234 493
234 557
234 816
234 918
234 372
235 487
235 504
235 556
235 310
235 645
236 356
236 925
236 427
236 393
236 900
237 584
237 839
237 709
237 368
238 734
238 735
238 923
238 943
238 608
239 742
239 713
239 918
239 602
239 933
239 728
240 569
240 759
240 848
240 341
241 794
241 332
241 751
241 650
241 753
241 612
241 784
242 770
242 746
242 803
242 644
242 274
243 464
243 622
243 771
243 943
243 880
243 737
243 585
243 294
243 451
243 765
243 261
243 551
243 269
243 619
243 719
243 884
243 557
243 731
243 547
243 639
243 971
243 285
243 625
244 321
244 653
244 293
244 410
245 794
245 300
245 460
245 514
245 752
245 728
245 798
245 341
246 441
246 935
246 628
246 912
246 455
246 871
247 369
247 824
247 517
247 868
247 251
247 829
247 625
247 827
247 907
248 588
248 494
248 671
248 493
248 612
248 264
248 352
248 318
248 470
249 536
249 672
249 259
249 829
249 425
249 545
249 291
249 349
249 925
250 921
250 255
250 852
250 914
250 408
250 561
250 741
250 510
251 836
251 920
251 578
251 742
251 810
251 675
251 382
251 457
252 672
252 812
252 319
252 488
252 641
252 555
253 649
253 281
253 324
253 847
253 955
253 923
253 269
254 364
254 911
254 596
254 624
254 453
254 841
254 811
254 831
254 365
255 374
255 578
255 824
255 276
255 850
255 526
255 603
256 551
256 728
256 539
256 892
256 703
256 308
256 392
256 799
256 986
256 305
256 944
256 826
257 316
258 672
258 863
258 330
258 786
258 719
258 489
258 842
259 321
259 644
259 530
259 886
259 934
259 365
259 678
260 931
260 722
260 381
260 750
260 828
261 896
261 560
261 938
261 735
261 783
261 272
261 594
261 812
262 495
262 718
262 535
262 364
262 803
262 931
262 739
262 454
262 922
262 424
262 487
262 906
262 749
262 658
262 641
262 894
263 312
263 436
264 389
264 304
264 288
264 656
264 950
264 272
264 842
264 918
264 758
264 899
265 289
265 921
265 629
265 842
265 281
265 350
265 821
265 835
265 806
266 870
266 612
266 474
266 625
267 882
267 537
267 821
267 838
267 972
267 552
268 989
268 817
268 615
268 523
268 815
268 274
269 696
269 895
269 825
269 964
269 629
269 395
269 934
269 398
269 458
269 577
269 368
269 612
269 767
269 297
269 433
270 434
270 297
270 715
270 399
270 683
270 364
270 461
270 964
270 488
270 727
271 370
271 912
271 664
271 837
272 751
272 919
272 397
272 388
272 697
272 687
272 579
272 727
272 444
273 289
273 932
273 799
273 914
273 739
273 596
273 335
274 950
274 932
274 852
274 362
274 461
274 972
274 828
274 777
274 741
274 301
274 650
274 591
274 456
274 945
274 798
275 794
275 359
275 834
275 577
276 549
276 583
276 341
276 563
277 791
277 343
277 320
277 677
277 439
278 496
278 305
278 612
278 990
278 617
278 317
279 359
279 783
279 961
280 617
280 530
280 291
280 407
280 636
281 311
281 376
281 901
281 820
281 515
281 400
281 526
282 801
282 466
282 674
283 790
283 608
283 921
283 441
283 658
283 945
283 641
284 832
284 483
284 557
284 859
284 353
284 587
284 714
285 579
285 556
286 723
286 364
286 398
286 730
286 345
286 768
286 401
286 869
286 827
287 418
287 314
287 923
287 840
287 897
287 492
287 587
288 922
288 299
288 462
288 917
289 844
289 397
289 821
289 671
289 635
289 416
289 471
289 685
289 854
289 444
290 448
290 411
290 533
290 967
290 563
290 425
290 802
290 602
291 307
291 522
291 415
291 853
291 626
292 772
292 568
292 462
292 544
293 794
293 849
293 550
293 698
293 685
293 827
293 714
293 785
294 775
294 852
294 513
294 691
294 636
294 476
294 808
294 842
295 562
295 948
295 561
295 530
295 787
295 991
295 369
295 357
296 413
296 614
296 313
296 466
296 950
296 570
296 428
296 964
296 644
296 885
297 674
297 487
297 332
297 578
297 798
298 870
298 354
298 387
298 812
299 311
299 940
299 396
299 345
299 535
299 613
299 584
299 842
299 348
299 417
299 481
299 871
300 647
300 497
300 658
300 423
300 930
300 975
300 767
301 531
301 760
301 495
301 887
301 772
301 432
301 913
301 434
301 577
301 456
301 642
302 794
302 862
302 955
302 762
302 731
302 346
302 484
303 739
303 413
303 797
303 753
304 359
304 858
304 429
304 416
304 484
305 675
305 335
305 890
305 583
306 376
306 791
306 719
306 310
306 859
306 925
307 711
307 469
307 498
307 481
307 645
307 746
307 856
307 894
308 587
308 815
309 373
309 635
309 511
309 448
309 738
310 810
310 685
310 568
310 470
310 385
310 368
311 844
311 454
311 530
311 501
311 909
311 494
311 508
311 558
311 761
311 865
311 948
311 923
311 802
312 780
312 365
312 343
312 601
312 464
312 428
312 787
312 979
313 449
313 323
313 554
313 402
313 992
313 550
313 433
314 524
314 403
314 579
314 560
314 923
314 828
314 379
315 783
315 418
316 516
316 351
316 781
316 518
316 744
316 388
316 549
316 923
316 501
317 802
317 530
317 893
317 509
318 833
318 758
318 826
319 528
319 515
319 584
319 363
319 611
319 678
320 665
320 497
320 479
321 654
321 579
321 882
321 358
321 870
321 950
321 424
321 323
321 331
321 907
322 950
322 941
322 935
322 348
322 620
322 331
323 563
323 684
323 380
323 756
324 647
324 982
324 587
324 606
324 530
325 565
325 897
325 612
325 428
325 644
325 385
325 629
326 482
326 780
326 686
326 690
326 777
326 586
326 960
326 406
326 512
326 806
327 931
327 424
327 791
327 985
327 783
328 954
328 435
328 456
328 731
328 866
328 953
328 416
328 593
328 529
329 440
329 364
329 925
329 858
330 718
330 435
330 841
330 752
330 667
330 610
330 782
330 491
330 510
331 654
331 805
331 793
331 492
331 465
331 685
331 907
332 920
332 858
332 901
332 517
332 618
333 747
333 923
333 467
333 884
334 844
334 464
334 482
334 656
334 597
334 499
334 378
334 416
334 537
334 818
334 847
334 790
334 529
335 686
335 374
335 821
335 899
336 565
336 770
336 765
336 689
336 980
336 761
337 844
337 560
337 793
337 820
337 423
337 696
337 774
337 409
337 847
337 416
337 744
337 685
337 641
337 795
338 495
338 646
338 443
338 711
338 363
339 614
339 784
339 599
339 589
339 751
340 640
340 746
340 580
340 447
341 817
341 504
341 455
341 643
341 879
341 467
341 617
341 957
341 550
341 984
341 754
342 718
342 559
342 956
342 372
342 589
342 638
342 978
343 795
344 509
344 416
344 875
344 767
345 596
345 404
345 803
345 912
345 373
345 379
345 990
346 734
346 783
346 412
346 406
346 362
346 489
347 740
347 696
347 734
347 356
347 525
348 464
348 632
348 508
348 755
348 812
348 561
349 700
349 554
349 543
349 476
349 362
349 416
349 890
349 911
349 908
349 867
349 945
349 920
350 656
350 596
350 562
351 952
351 619
351 719
352 423
352 780
352 913
352 517
352 910
352 424
352 985
352 362
352 470
352 984
353 529
353 595
353 437
353 597
353 925
353 854
354 989
354 898
354 360
354 754
354 651
354 740
354 407
354 815
354 377
355 672
355 497
355 481
355 446
355 637
356 443
356 950
356 424
356 936
356 623
356 586
357 531
357 419
357 880
357 974
358 964
358 361
358 515
358 768
358 932
358 944
358 628
358 812
359 494
359 520
359 642
359 950
359 577
359 573
359 860
360 904
360 402
360 393
360 771
360 983
360 648
360 521
360 987
361 836
361 519
361 424
361 430
361 439
361 812
362 896
362 751
362 868
362 592
362 926
362 808
362 839
362 731
363 506
363 542
363 955
363 970
363 507
364 560
364 558
364 989
364 985
364 545
364 523
364 712
364 890
365 952
365 888
365 963
365 813
365 414
365 503
365 860
365 530
366 610
366 646
366 666
366 600
366 481
366 478
367 971
367 522
367 940
367 646
367 641
368 940
368 528
368 496
368 584
368 969
368 404
368 669
369 753
369 585
369 951
369 387
369 779
370 618
370 851
370 489
371 726
371 882
371 592
371 671
371 644
371 796
372 881
372 915
372 583
373 596
373 896
373 615
373 385
373 424
373 541
374 400
374 849
374 782
374 595
374 843
374 559
374 587
374 612
374 474
374 657
375 794
375 434
375 568
375 784
376 930
376 512
376 804
376 575
376 889
376 740
376 600
376 754
376 606
376 728
376 854
377 568
377 433
377 559
377 987
377 420
378 775
378 832
378 429
378 711
378 721
378 592
378 691
378 760
378 763
379 780
379 940
379 633
379 820
379 410
379 589
379 782
379 859
379 652
379 514
379 558
379 482
379 506
379 606
379 704
379 653
379 509
379 816
379 949
379 832
379 436
379 862
379 523
379 556
379 411
379 737
379 836
380 912
380 578
380 709
380 561
381 770
381 523
381 418
381 974
382 564
382 956
382 925
382 951
382 854
383 794
383 388
383 805
383 716
383 681
383 591
383 978
384 810
384 640
384 974
384 800
384 706
384 690
384 434
384 538
385 564
385 870
385 990
385 828
385 648
385 547
385 711
385 682
385 830
386 623
386 742
386 408
386 823
387 794
387 922
387 461
387 528
387 620
387 491
388 466
388 745
388 555
389 757
389 794
389 742
389 629
389 739
389 431
390 588
390 591
390 923
390 685
390 854
391 922
391 562
391 949
391 458
391 439
391 404
392 775
392 591
392 598
392 479
393 518
393 570
393 598
393 649
393 827
394 862
394 800
394 644
395 794
395 791
395 779
395 487
395 526
396 946
396 948
396 795
397 770
397 649
397 487
397 699
397 641
397 834
397 445
398 536
398 892
398 771
398 716
398 472
398 937
398 417
398 820
398 823
398 854
399 634
399 686
399 631
399 919
399 962
399 529
399 534
399 918
399 877
399 806
400 748
400 486
400 552
400 579
400 685
401 927
401 912
401 723
401 523
401 955
401 548
402 878
402 956
402 465
402 509
402 487
402 510
403 493
403 792
403 618
403 990
403 860
403 652
403 624
404 613
404 616
404 457
404 635
404 729
405 579
405 794
405 518
405 918
405 558
406 447
406 965
406 973
406 597
406 719
406 668
407 804
407 890
407 991
407 634
407 833
407 918
407 731
407 540
408 543
408 681
408 450
408 925
409 588
409 947
409 870
409 568
410 720
410 470
410 765
410 488
411 770
411 808
411 443
411 416
411 434
412 537
412 745
412 610
412 719
412 574
413 790
413 808
413 956
413 505
413 858
413 782
413 718
413 690
414 932
414 776
414 626
414 827
415 810
415 980
415 722
415 946
415 659
415 607
415 540
416 911
416 817
416 849
416 973
416 803
416 838
416 737
416 651
416 631
416 604
416 850
416 981
416 464
416 986
416 518
416 717
416 481
416 823
417 464
417 650
417 831
417 807
417 933
417 970
417 550
418 707
418 424
419 443
419 430
419 737
419 868
420 724
420 682
420 934
420 717
420 569
420 705
420 806
421 670
421 551
421 989
421 678
421 953
422 794
422 650
422 916
422 512
423 524
423 427
423 801
423 690
423 912
423 685
423 617
424 897
424 765
424 813
424 946
424 824
424 881
424 863
424 736
424 889
424 923
424 667
424 565
424 508
424 904
424 564
424 861
424 434
424 949
424 537
424 837
424 977
424 487
425 753
425 546
425 906
426 580
426 582
426 591
426 854
427 430
427 774
427 782
427 433
427 490
428 487
428 754
428 944
428 946
429 805
429 974
429 757
429 556
429 862
429 739
429 672
430 769
430 742
430 788
430 988
430 531
430 632
430 969
430 487
430 754
430 694
430 840
431 905
431 952
431 776
431 804
431 943
431 468
431 907
432 725
432 859
432 830
432 644
432 845
432 691
432 854
433 749
433 972
433 652
433 719
433 725
433 679
433 510
433 743
433 566
434 794
434 455
434 493
434 885
434 831
434 870
434 473
434 538
434 778
434 622
434 463
434 759
434 837
434 659
434 757
434 621
434 732
434 498
434 590
434 582
434 836
434 976
434 537
434 860
434 842
434 446
434 764
434 854
435 647
435 610
435 833
435 539
435 507
435 703
435 602
436 742
436 696
436 801
436 957
436 724
436 452
436 915
436 865
436 970
436 537
436 515
436 822
437 827
437 669
437 783
437 677
437 809
437 504
437 758
437 785
438 519
438 648
438 504
438 803
438 503
438 555
438 526
439 950
439 920
439 924
439 612
439 598
439 450
439 547
439 903
439 747
439 845
440 654
440 460
440 632
440 739
440 715
440 914
440 813
440 872
441 858
441 734
441 833
441 662
441 689
441 548
441 821
441 769
441 651
441 826
441 938
441 511
441 820
441 486
442 770
442 902
442 911
442 662
443 770
443 945
443 783
443 666
443 595
443 845
443 493
443 852
444 534
444 794
444 612
444 658
444 503
444 476
445 865
445 761
445 626
446 488
446 746
446 515
447 881
447 487
448 775
448 830
448 701
449 735
449 725
449 814
449 841
450 724
450 794
450 743
450 839
450 851
450 929
450 869
450 823
450 484
450 605
450 693
451 794
451 659
451 481
451 587
451 484
451 823
452 701
452 477
452 870
452 581
452 523
452 918
453 611
453 623
453 777
453 815
454 980
454 876
454 850
454 644
455 723
455 572
455 732
456 783
456 493
456 577
456 909
456 544
456 887
456 737
456 893
456 608
457 770
457 477
457 518
457 950
457 990
457 847
457 943
457 750
458 794
458 949
458 641
458 580
459 971
459 846
459 574
459 543
459 511
460 642
460 943
460 837
461 533
461 665
462 610
462 628
462 867
463 519
463 859
463 837
463 469
463 699
463 504
463 969
463 677
464 661
464 464
464 952
464 916
464 587
464 601
464 991
464 681
464 607
464 528
464 958
464 761
464 642
464 735
464 827
464 542
464 651
464 488
464 940
465 610
465 942
465 528
465 660
465 784
465 738
466 542
466 845
466 642
467 918
467 507
467 804
467 644
467 471
468 625
468 928
468 847
469 721
469 497
469 923
469 854
470 667
470 935
470 644
470 734
470 948
470 891
470 495
470 510
470 830
470 683
470 492
471 645
471 474
471 787
472 500
472 591
472 583
472 689
473 509
473 705
473 526
474 529
474 780
474 890
474 811
474 872
474 582
474 602
475 547
475 862
475 901
475 877
475 685
476 921
476 786
476 635
476 570
476 492
476 527
476 807
476 890
477 849
477 627
477 905
477 494
477 939
477 628
477 815
478 647
478 921
478 989
478 571
479 535
479 749
479 608
479 917
480 616
480 754
480 947
480 503
480 986
480 983
480 926
480 785
481 915
481 907
481 956
481 957
481 824
482 678
482 922
482 607
482 812
482 685
483 742
483 804
483 661
483 918
483 640
483 649
483 960
483 923
483 625
483 785
484 862
484 493
484 970
484 615
484 920
484 906
484 690
484 674
484 731
484 869
484 948
484 693
485 978
485 615
485 967
486 528
486 909
486 685
487 950
487 843
487 784
487 547
487 546
487 512
487 966
487 516
487 764
487 790
487 779
487 541
487 792
487 992
488 921
488 986
488 814
488 653
488 685
489 700
489 648
489 746
489 776
490 900
490 879
490 826
490 538
490 775
491 969
491 603
491 909
491 627
491 813
492 563
492 898
492 923
492 713
493 801
493 973
493 769
493 771
493 607
493 692
493 949
493 815
493 724
493 732
493 673
493 595
493 945
494 536
494 858
494 565
494 785
494 959
494 644
495 836
495 790
495 923
495 530
496 675
496 958
496 667
496 767
496 906
496 581
496 798
497 649
497 596
497 799
497 615
497 817
497 948
498 641
499 647
499 908
499 584
499 923
499 649
500 674
500 766
500 836
500 685
501 742
501 713
501 785
502 506
502 713
502 942
502 754
502 773
502 990
503 750
503 731
503 789
503 920
503 717
503 690
503 838
504 525
504 577
504 923
504 715
504 946
504 793
504 705
504 669
504 896
504 782
504 746
504 767
504 679
504 755
504 915
504 908
504 529
504 807
504 720
505 550
505 530
506 878
506 612
507 616
507 833
508 654
508 612
508 866
508 651
508 640
508 649
508 869
508 985
509 610
509 751
509 613
509 943
509 714
509 956
509 682
509 960
510 623
510 571
510 935
510 760
510 533
510 673
511 651
511 908
512 564
512 841
512 733
513 612
513 731
513 700
513 875
513 688
513 625
514 801
514 919
514 550
515 934
515 746
515 547
515 527
515 537
515 960
515 730
516 889
516 609
516 535
516 861
516 833
517 524
517 579
517 806
518 560
518 637
518 525
518 827
518 608
518 882
519 877
519 895
520 675
520 610
520 990
520 561
521 935
521 716
521 975
521 606
522 724
522 536
522 733
522 764
522 812
523 700
523 910
523 561
524 767
524 733
524 907
524 610
525 723
525 770
525 772
525 987
525 911
525 948
525 767
525 800
526 731
526 612
526 588
526 551
526 759
526 621
526 617
526 681
526 714
526 857
526 802
526 967
527 950
527 576
527 612
528 808
528 603
528 798
529 806
529 922
529 788
529 711
529 587
529 598
529 545
529 819
529 547
529 903
529 641
530 898
530 586
530 975
530 767
530 741
530 604
530 783
530 933
530 704
530 545
530 882
531 635
531 877
532 562
532 937
532 617
533 753
533 893
533 921
533 636
533 811
533 877
533 642
534 651
534 584
534 741
534 794
534 842
535 768
536 924
536 919
537 823
538 641
538 945
539 775
539 751
539 822
539 694
539 856
540 773
540 812
541 918
541 819
541 784
541 669
541 927
541 597
542 662
542 567
543 822
543 667
543 923
544 724
544 770
544 727
544 624
545 769
545 697
545 864
545 694
545 699
545 854
545 983
546 618
546 752
546 847
546 880
546 587
546 630
546 907
547 794
547 660
547 617
548 742
548 944
548 918
549 925
549 715
549 794
549 571
549 685
549 598
551 675
551 728
551 871
551 917
552 783
552 663
552 773
553 828
553 695
553 646
553 599
553 821
553 854
554 840
554 911
554 801
554 880
554 691
555 654
555 948
555 637
556 747
556 601
557 636
557 763
557 568
557 873
558 775
558 781
558 705
558 644
559 724
559 799
559 720
559 892
559 923
559 798
560 962
560 785
560 984
560 707
560 861
560 794
560 709
560 728
561 860
561 727
561 813
561 787
561 706
561 760
561 794
561 961
561 564
561 725
561 658
561 603
561 834
561 751
561 855
561 650
563 601
563 712
563 912
563 684
563 657
564 934
564 877
565 920
566 869
566 738
567 700
567 718
567 602
567 644
567 963
567 928
567 774
568 971
568 674
568 980
568 982
568 892
568 664
569 770
569 645
569 739
569 928
569 648
569 784
570 783
570 745
570 827
570 617
571 917
571 733
571 587
571 907
572 918
572 633
572 642
572 641
573 629
573 669
574 870
574 955
574 990
575 790
575 645
575 815
575 783
575 929
575 894
576 758
576 643
576 669
576 854
576 975
576 685
577 794
577 928
577 607
577 628
577 706
577 644
577 827
578 613
578 737
578 728
579 932
579 674
579 661
580 919
580 955
580 692
580 886
580 870
580 915
580 794
581 868
581 842
581 663
582 894
583 625
584 900
584 685
584 807
584 827
584 863
584 948
584 591
584 979
585 858
585 952
585 764
585 597
585 685
585 703
586 732
586 918
586 766
586 798
586 874
587 672
587 893
587 697
587 635
587 702
587 598
587 703
587 967
587 805
587 728
588 713
589 612
589 871
590 616
590 698
590 870
590 955
590 921
590 781
590 829
590 656
591 972
591 953
591 988
591 776
591 644
591 751
591 867
592 804
592 950
592 802
592 957
592 798
593 816
594 881
594 925
594 798
595 775
595 943
595 785
596 836
596 690
596 846
596 733
596 923
597 822
597 752
597 662
597 918
598 921
598 694
600 790
600 898
600 782
601 931
601 653
601 875
601 852
602 868
602 729
602 727
602 626
603 816
603 985
603 649
603 878
603 948
604 623
604 619
604 718
604 673
605 611
605 706
605 842
606 894
606 798
606 637
607 693
608 770
608 738
608 663
608 772
608 948
608 644
609 701
609 918
609 888
609 682
610 965
610 926
610 732
610 966
610 971
610 819
610 712
610 636
610 895
611 881
611 629
611 699
611 864
611 682
611 973
611 923
611 984
612 824
612 953
612 831
612 686
612 751
612 740
612 789
612 703
612 654
612 816
612 771
612 888
612 894
612 842
612 930
612 970
612 951
612 892
612 875
612 707
612 854
613 770
613 818
613 705
613 881
614 770
614 928
614 954
614 880
615 833
615 986
616 920
616 858
616 828
616 923
617 868
618 870
618 824
618 883
619 744
620 952
620 978
620 649
620 863
620 979
621 802
621 894
621 715
621 978
622 680
622 636
622 696
622 805
622 784
623 646
623 704
623 630
623 923
623 854
625 929
625 745
626 849
626 884
626 846
626 964
627 643
628 824
629 744
629 652
629 798
630 833
630 908
630 935
630 664
630 798
631 957
631 879
632 853
632 762
633 790
633 830
634 794
634 939
634 962
635 925
635 785
636 934
637 752
638 801
638 798
639 862
639 944
639 818
639 935
639 854
639 874
640 766
641 724
641 718
641 669
641 682
641 878
641 775
641 885
641 681
641 935
641 797
641 789
641 918
642 728
642 678
642 668
642 652
643 773
643 688
643 652
644 889
644 895
644 966
644 840
644 859
644 958
644 924
644 733
644 764
644 791
644 930
644 670
644 882
644 876
645 794
645 878
646 646
646 920
646 986
647 680
647 896
647 907
647 950
647 874
647 668
648 972
649 820
649 961
649 907
650 665
650 870
650 932
651 853
651 855
651 877
652 821
652 656
653 801
653 946
653 725
653 698
653 953
653 838
654 660
654 878
654 785
655 672
655 794
655 947
655 979
656 821
656 798
656 785
657 923
657 860
658 950
658 907
659 794
659 722
659 894
662 748
663 904
663 791
663 685
664 951
664 966
665 790
665 991
665 953
666 805
666 905
666 743
666 948
667 974
667 961
667 907
668 672
668 986
668 745
669 847
670 736
670 686
670 971
670 870
671 868
671 721
671 765
671 897
671 850
671 874
672 827
673 844
673 802
673 730
674 825
674 795
674 745
674 921
674 684
675 787
675 857
675 951
675 706
676 820
676 886
676 818
678 775
678 725
679 896
679 921
679 822
679 963
680 700
680 682
680 853
680 805
680 743
680 778
680 780
681 794
681 777
681 826
682 698
683 870
683 948
683 890
683 730
683 854
684 923
684 920
685 921
685 781
685 815
685 704
685 808
685 900
685 800
685 882
685 779
685 932
685 816
685 951
685 820
685 928
686 761
686 789
686 974
686 798
687 819
687 737
688 942
688 979
689 931
689 869
690 990
690 778
691 981
692 765
692 841
692 861
694 893
694 757
695 744
695 753
695 770
695 810
696 844
696 980
696 754
697 700
697 965
697 923
698 759
698 889
698 991
698 746
698 767
698 826
698 877
699 976
700 824
700 834
700 922
700 816
700 705
701 742
701 950
701 928
702 952
702 966
703 734
703 768
704 786
704 985
705 780
705 834
705 788
705 942
706 769
706 915
706 953
706 767
707 752
707 915
708 742
708 908
708 821
708 988
708 874
709 724
709 923
709 734
710 965
710 941
710 982
711 753
711 749
712 761
712 820
712 827
713 992
714 794
715 843
716 919
716 796
717 941
717 798
718 726
718 873
719 923
719 952
719 967
719 798
719 907
720 941
720 802
720 736
721 921
722 931
723 743
723 759
724 844
724 836
724 771
724 968
724 746
725 765
725 962
725 925
725 928
725 835
726 809
726 955
726 953
726 894
727 853
728 767
728 921
728 820
728 771
729 790
730 985
730 899
730 849
730 836
731 942
731 950
731 769
731 740
731 980
731 872
731 806
732 849
732 809
732 812
733 857
733 950
733 758
734 805
734 937
735 855
735 791
736 767
736 840
737 854
738 804
738 991
738 805
738 987
739 961
739 780
739 856
740 803
740 929
741 955
741 763
741 815
742 853
742 778
742 907
742 983
742 892
742 809
742 772
742 769
742 743
743 913
743 782
743 952
744 778
744 824
745 971
747 886
747 865
747 809
747 887
748 986
748 916
748 815
748 976
749 897
749 876
749 785
750 925
750 844
751 985
751 864
751 814
752 954
752 757
752 848
752 873
753 854
753 832
754 948
754 772
754 792
754 861
754 961
755 905
755 931
756 805
756 965
756 801
756 893
756 821
756 817
758 860
759 769
759 958
759 918
759 829
760 893
760 839
760 992
760 906
761 944
763 778
763 860
763 966
765 921
765 915
765 854
766 836
766 889
766 851
766 918
766 850
766 904
766 793
768 950
769 863
769 930
769 779
769 968
769 878
770 857
770 859
770 883
770 771
770 938
770 829
770 812
770 785
771 835
771 925
772 882
772 854
773 848
774 785
775 966
775 960
775 820
775 981
775 798
777 942
777 944
777 953
777 867
778 914
778 889
779 878
779 823
779 785
780 891
781 824
781 799
782 863
782 841
783 868
783 794
783 908
783 842
783 808
783 905
783 943
785 919
786 902
786 805
787 852
787 865
789 939
789 845
790 922
790 814
791 862
791 925
791 963
792 941
792 955
794 991
794 827
794 909
794 918
794 801
794 987
794 973
794 951
794 982
794 971
794 881
795 885
796 833
796 824
797 880
797 979
797 866
798 955
798 825
798 853
798 917
798 839
798 840
798 888
799 982
800 863
801 872
801 924
801 831
801 989
801 816
802 851
802 803
802 889
803 907
805 968
805 834
805 842
805 921
806 862
806 959
806 825
807 897
808 864
809 889
809 918
809 899
810 887
810 909
812 900
813 984
813 928
814 850
815 966
815 924
815 918
815 947
815 954
816 921
816 896
816 819
817 934
818 906
819 838
820 860
820 930
820 891
821 959
821 825
821 890
821 941
821 922
821 975
822 921
822 989
825 854
826 912
827 931
827 871
827 919
827 976
827 939
827 843
827 874
828 923
828 874
828 907
831 876
831 854
831 988
832 934
834 918
836 836
837 981
839 878
839 873
840 919
842 844
842 952
842 980
842 984
842 903
842 921
843 950
843 947
844 903
844 879
844 886
845 985
846 921
846 918
847 868
848 969
848 983
848 854
849 955
850 902
850 856
850 978
852 923
853 917
853 910
854 967
854 920
854 892
855 965
855 940
859 921
862 955
862 933
863 888
863 900
865 886
865 988
865 915
865 950
865 919
866 905
867 949
868 875
869 942
870 946
870 942
871 986
873 899
873 921
873 919
874 965
874 926
874 975
874 963
876 891
877 906
877 946
878 985
878 897
878 942
879 941
879 915
880 990
881 881
882 965
885 959
885 935
887 919
888 961
888 910
889 897
890 913
890 927
890 954
890 907
890 971
891 941
891 983
893 981
895 923
896 965
896 920
896 952
901 971
901 918
902 923
902 907
904 904
904 927
905 921
906 949
907 920
907 928
908 947
908 942
909 946
910 934
910 941
913 921
914 988
917 971
918 930
918 925
918 968
918 931
918 922
919 947
919 971
920 946
921 966
921 942
921 923
922 955
923 942
923 936
923 979
923 934
923 957
923 939
924 960
924 984
926 982
927 972
929 987
931 947
931 967
934 965
934 937
934 976
935 970
936 949
937 967
938 981
942 972
943 950
946 992
948 961
950 962
951 981
953 963
956 961
957 983
965 972
965 991
967 978
969 990
974 981
985 989
