0 409
0 581
0 797
0 950
0 0
0 421
0 204
1 128
1 470
1 896
1 190
1 202
1 570
1 184
1 582
1 968
1 612
1 384
1 465
1 864
1 741
2 17
2 536
2 979
2 461
2 707
2 277
2 834
2 524
2 100
2 60
2 639
3 537
3 186
3 3
3 933
3 649
3 201
3 78
3 943
3 957
3 663
3 155
3 116
3 121
3 552
3 151
4 149
4 349
4 254
4 251
4 155
4 157
4 862
5 434
5 850
5 735
5 54
5 296
5 625
5 86
5 395
5 423
5 429
5 694
5 603
5 631
6 539
6 38
6 569
6 647
6 452
6 907
6 631
6 250
7 202
7 354
7 21
7 356
7 461
7 988
7 834
7 453
7 970
7 242
7 792
8 400
8 476
8 245
8 337
8 590
8 676
8 309
8 959
8 447
8 491
8 135
8 754
9 583
9 175
9 23
9 991
9 774
9 901
9 108
9 248
9 266
9 10
9 148
9 670
9 26
10 583
10 148
10 266
10 762
10 774
10 89
10 670
10 741
10 379
10 110
11 475
11 582
11 742
11 968
11 163
11 435
11 190
11 470
11 224
11 612
11 482
11 678
11 936
11 781
12 276
12 52
12 687
12 478
12 275
12 827
12 731
13 903
13 946
13 433
13 307
13 13
13 992
13 39
13 334
13 944
13 265
13 164
13 671
13 543
13 229
13 317
14 681
14 593
14 734
14 538
14 705
14 859
14 232
14 427
14 523
14 576
14 205
14 460
14 980
14 424
14 841
14 812
14 14
14 262
14 114
14 220
14 203
14 342
14 194
14 89
14 701
14 209
14 215
14 853
14 840
14 636
14 806
14 78
14 188
14 690
14 23
14 598
14 697
14 298
14 180
14 190
14 36
14 857
14 67
15 440
15 241
15 641
15 726
15 15
15 954
15 788
15 328
16 143
16 464
16 152
16 622
16 803
16 911
16 16
16 810
17 471
17 640
17 286
17 217
17 441
17 333
17 977
17 618
17 946
18 650
18 230
18 632
18 120
18 585
18 375
18 29
18 982
18 276
18 442
18 477
18 617
19 342
19 897
19 520
19 163
19 256
19 570
19 320
19 839
19 420
19 65
19 784
19 828
19 657
19 927
19 514
19 794
19 542
19 928
19 736
19 417
19 873
19 824
19 70
19 557
19 924
19 651
19 345
19 399
19 887
19 581
19 739
19 143
19 491
19 737
19 748
20 500
20 532
20 492
20 654
20 483
20 672
20 882
20 572
20 931
20 690
21 663
21 769
21 675
21 47
21 277
21 180
21 539
21 970
21 719
21 87
22 917
22 394
22 655
22 508
22 750
22 816
22 91
23 901
23 991
23 23
23 405
23 169
24 324
24 538
24 559
24 268
24 861
24 987
24 668
24 443
25 385
25 297
25 112
25 884
25 110
25 925
25 443
25 141
25 365
25 552
25 137
25 25
25 906
25 313
25 512
25 116
25 577
25 163
25 410
25 172
25 81
25 835
26 901
26 774
26 266
26 670
26 991
26 583
26 26
26 148
26 169
26 261
26 339
26 561
26 510
26 389
26 571
27 593
27 682
27 875
27 473
27 712
27 355
27 59
27 574
27 733
27 838
27 904
27 232
27 544
27 83
27 482
27 282
28 813
28 667
28 796
28 564
28 950
28 983
28 46
29 968
29 433
29 442
29 947
29 617
29 170
29 531
30 603
30 870
30 168
30 625
30 372
30 469
30 981
30 558
30 808
30 807
30 445
30 94
30 489
31 798
31 838
31 486
31 50
31 737
31 688
31 810
31 306
31 83
31 636
32 527
32 786
32 389
32 271
32 379
32 102
32 937
33 410
33 157
33 349
33 254
33 556
33 251
33 936
33 800
33 33
33 838
33 602
34 776
34 907
34 75
34 522
34 144
34 156
34 263
34 629
34 162
34 34
34 647
34 974
34 38
34 339
34 614
34 170
34 126
34 288
34 497
34 631
35 581
35 976
35 930
35 421
35 950
35 555
35 819
35 204
35 839
36 790
36 761
36 305
36 479
36 302
36 856
36 292
36 312
36 115
36 452
36 81
36 63
36 739
36 588
36 509
36 102
36 833
37 909
37 403
37 280
37 284
37 816
37 394
37 64
37 728
37 833
37 644
37 557
37 186
37 900
38 819
38 549
38 776
38 647
38 519
38 907
38 339
38 156
38 162
38 569
38 398
38 903
38 272
38 748
39 214
39 992
39 334
39 317
39 944
39 108
39 433
40 899
40 909
40 64
40 507
40 284
40 394
40 508
40 884
40 387
40 91
41 90
41 793
41 158
41 845
41 353
41 308
41 564
41 191
41 983
41 125
42 742
42 190
42 435
42 369
42 878
42 120
42 612
42 897
42 883
42 280
43 199
43 917
43 667
43 43
43 961
43 567
43 308
43 564
43 983
43 699
43 75
43 60
44 415
44 787
44 628
44 673
44 288
44 428
44 44
44 404
44 134
44 124
44 817
44 766
44 117
44 832
44 368
44 626
44 160
44 605
44 621
44 971
44 120
44 218
44 876
44 99
44 63
45 295
45 102
45 937
45 189
45 702
45 767
45 461
45 291
46 259
46 459
46 268
46 732
47 412
47 675
47 683
47 430
47 246
47 228
47 396
47 857
47 631
47 323
47 80
48 155
48 929
48 933
48 811
48 633
48 78
48 232
48 153
49 424
49 177
49 49
49 608
49 830
49 881
49 447
49 860
49 887
49 756
50 384
50 684
50 676
50 884
50 187
50 83
50 118
50 271
51 769
51 419
51 843
51 849
51 666
51 972
51 80
52 642
52 276
52 478
52 827
52 391
52 287
52 190
53 633
53 140
53 781
53 921
53 643
53 923
53 364
53 836
53 195
54 808
54 335
54 801
54 395
54 870
54 372
54 423
54 455
54 559
54 971
54 700
54 843
54 509
54 999
55 518
55 401
55 174
55 600
55 287
55 591
55 997
56 912
56 278
56 503
56 56
56 778
56 326
56 331
56 619
57 783
57 426
57 373
57 71
57 321
57 210
57 508
57 994
57 752
57 240
58 905
58 138
58 540
58 438
58 814
58 265
58 713
58 933
59 202
59 682
59 482
59 712
59 357
59 259
59 314
59 118
59 166
60 155
60 160
60 135
60 461
60 639
60 87
60 356
60 764
60 979
60 719
60 277
60 393
60 60
60 834
60 707
60 205
60 963
60 219
60 242
61 664
61 315
61 986
61 439
61 725
61 633
61 371
62 996
62 660
62 282
62 678
62 340
62 513
62 741
62 656
62 805
62 160
62 360
62 721
63 89
63 913
63 959
63 337
63 501
63 915
63 590
63 691
63 972
64 674
64 394
64 403
64 816
64 833
65 191
65 256
65 399
65 924
65 927
65 320
65 699
65 504
65 179
65 643
65 445
66 412
66 675
66 430
66 551
66 353
66 549
66 492
66 405
67 905
67 176
67 666
67 962
67 880
67 67
67 619
68 649
68 151
68 537
68 929
68 186
68 824
68 94
68 669
69 430
69 744
69 373
69 210
69 276
69 471
69 240
69 886
70 520
70 651
70 924
70 173
70 392
71 811
71 934
71 680
71 440
71 246
71 490
71 319
71 71
71 704
71 565
71 857
71 886
71 531
71 919
71 667
72 488
72 640
72 217
72 601
72 371
72 977
73 533
73 912
73 449
73 939
73 633
73 331
74 873
74 240
74 780
74 526
74 422
74 237
74 872
74 556
74 489
75 183
75 776
75 647
75 519
75 522
75 907
75 144
75 263
75 569
75 75
75 629
75 497
75 313
75 577
75 631
75 891
76 303
76 305
76 450
76 115
76 600
76 223
76 752
76 846
76 850
77 128
77 459
77 268
77 861
77 269
77 77
77 135
77 677
77 987
77 732
78 151
78 155
78 811
78 201
78 537
78 757
78 186
78 933
78 957
78 929
78 609
78 663
78 183
78 269
78 247
78 691
78 204
78 367
78 792
79 534
79 803
79 129
79 257
79 778
79 188
79 965
79 847
79 360
79 604
80 437
80 448
80 721
80 208
80 96
80 468
80 604
81 573
81 769
81 518
81 292
81 434
81 450
81 305
81 115
81 802
81 588
81 92
81 390
81 401
81 963
81 724
81 332
81 236
81 343
81 831
81 637
81 945
81 376
81 103
82 454
82 264
82 197
82 914
82 890
82 324
82 390
82 679
82 909
83 416
83 810
83 954
83 199
83 355
83 682
83 90
83 717
83 384
83 989
83 486
83 316
83 243
83 112
83 526
84 783
84 412
84 941
84 430
84 842
84 213
85 298
85 812
85 460
85 980
85 427
85 203
85 960
85 584
85 89
85 232
85 816
86 679
86 384
86 517
86 798
86 416
86 182
86 482
87 406
87 260
87 834
87 970
87 719
87 356
87 707
87 95
87 621
87 256
88 398
88 973
88 374
88 496
88 525
88 283
88 691
88 176
88 423
88 532
89 424
89 955
89 205
89 121
89 996
89 750
89 474
89 429
90 798
90 624
90 314
90 737
90 482
90 620
90 118
91 842
91 284
91 166
91 655
91 942
91 394
91 658
91 289
91 403
91 644
91 280
91 909
91 899
91 998
91 728
91 833
91 816
91 507
91 508
91 91
91 420
91 704
91 837
91 870
91 228
92 920
92 302
92 452
92 588
92 850
92 656
92 987
93 525
93 932
93 683
93 430
93 842
94 603
94 940
94 429
94 739
94 849
94 625
95 215
95 387
95 179
95 834
95 719
96 822
96 195
96 119
96 267
96 745
97 911
97 913
97 447
97 247
97 304
97 491
97 116
98 798
98 801
98 423
98 445
98 329
98 843
98 750
99 257
99 188
99 196
99 972
99 721
100 578
100 972
100 239
100 604
100 702
101 407
101 214
101 347
101 751
101 146
101 640
101 498
102 686
102 949
102 586
102 440
102 727
102 271
102 767
102 555
102 797
102 978
102 935
102 937
102 571
103 133
103 388
103 136
103 413
103 972
103 130
104 388
104 290
104 136
104 267
104 281
104 502
104 133
104 748
104 754
104 749
104 104
104 772
104 622
104 678
104 758
105 562
105 132
105 290
105 362
105 383
106 893
106 573
106 488
106 902
106 381
106 147
106 967
106 857
107 214
107 419
107 949
107 823
107 465
107 773
107 799
108 540
108 334
108 773
108 456
108 473
108 817
108 493
108 962
109 902
109 425
109 361
109 553
109 926
109 646
109 539
109 921
110 319
110 386
110 110
111 580
111 603
111 664
111 249
111 740
111 253
112 330
112 906
112 112
112 239
113 185
113 656
113 529
113 233
113 316
113 710
113 604
114 424
114 812
114 220
114 232
114 859
114 121
114 205
114 342
114 330
114 578
114 592
114 485
114 333
114 380
115 175
115 292
115 295
115 450
115 850
115 633
116 681
116 154
116 386
116 141
116 925
116 285
116 926
117 134
117 404
117 817
117 787
117 415
117 673
117 382
117 534
117 430
117 647
118 384
118 387
118 517
118 482
118 235
118 989
118 187
118 451
118 411
118 512
119 585
119 958
119 323
119 195
119 972
120 670
120 656
120 864
120 477
121 424
121 460
121 205
121 342
121 853
121 215
121 996
121 590
121 931
122 516
122 893
122 291
122 425
122 888
122 727
123 905
123 659
123 777
123 388
123 267
124 288
124 817
124 124
124 729
124 388
125 158
125 983
125 815
125 171
125 560
125 564
125 667
125 960
125 948
125 854
125 920
126 353
126 521
126 526
126 489
126 380
127 424
127 412
127 803
127 293
127 646
127 908
127 402
127 763
128 531
128 224
128 382
128 896
128 190
128 612
128 784
129 511
129 923
129 139
129 637
129 466
129 921
129 670
130 265
130 801
130 331
130 563
130 275
130 422
131 184
131 131
131 369
131 818
132 190
132 388
132 136
132 749
132 219
132 267
132 792
132 290
133 983
133 412
133 809
133 252
133 281
133 388
133 977
133 350
134 832
134 404
134 160
134 288
134 766
134 817
134 376
134 388
135 346
135 543
135 931
135 970
135 707
135 453
135 764
135 328
136 388
136 749
136 809
136 558
136 255
137 508
137 925
137 552
137 285
137 512
137 549
138 905
138 438
138 138
138 653
138 594
138 540
138 304
138 424
139 994
139 466
139 260
139 923
139 726
139 781
139 921
139 836
140 643
140 923
140 637
140 551
140 708
140 234
141 512
141 285
141 577
141 313
141 552
141 385
141 297
141 365
141 925
141 591
141 923
141 357
142 564
142 784
142 420
142 630
142 520
142 256
142 438
142 686
142 274
142 928
143 261
143 911
143 622
143 275
143 665
144 679
144 941
144 776
144 519
144 907
144 156
145 902
145 548
145 553
145 361
145 926
145 505
145 488
145 897
146 527
146 858
146 854
146 771
146 768
146 346
146 572
146 536
146 407
146 612
146 384
147 516
147 645
147 893
147 272
147 241
147 425
147 488
147 318
148 774
148 583
148 175
148 169
148 957
148 678
149 520
149 784
149 630
149 651
149 570
149 828
149 610
149 539
149 924
149 927
149 928
149 420
149 699
149 873
149 785
149 979
150 454
150 264
150 197
150 150
150 594
150 984
150 458
151 534
151 663
151 183
151 757
151 186
151 285
151 564
151 155
151 933
151 957
151 724
151 999
152 910
152 464
152 911
152 803
152 665
152 606
152 261
152 207
152 696
152 622
152 739
153 930
153 787
153 896
153 917
153 805
153 945
153 340
153 892
154 896
154 772
154 406
154 531
154 202
154 184
154 434
154 470
154 612
154 514
155 663
155 943
155 929
155 649
155 957
155 186
155 609
155 155
155 534
155 904
155 307
155 811
155 183
156 519
156 907
156 522
156 405
156 179
156 250
157 272
157 349
157 800
157 251
157 806
157 556
157 410
157 254
157 383
157 862
157 610
157 182
157 476
157 936
158 264
158 407
158 793
158 560
158 709
158 480
158 815
158 352
158 584
158 917
158 308
158 158
158 537
158 243
158 727
158 564
158 191
158 408
159 653
159 973
159 777
159 575
159 512
159 451
159 245
159 739
159 703
160 787
160 671
160 817
160 452
160 481
160 360
161 947
161 780
161 526
161 528
161 161
161 376
161 164
161 966
161 489
162 642
162 907
162 974
162 405
162 162
162 631
163 425
163 897
163 520
163 399
163 539
163 924
164 213
164 619
164 275
164 200
164 616
164 703
164 521
164 237
164 777
164 996
164 417
164 966
164 489
165 276
165 682
165 931
165 685
165 244
165 492
165 690
165 654
165 981
165 306
165 483
166 998
166 816
166 909
166 942
166 728
167 567
167 788
167 889
167 358
167 947
167 279
167 477
167 617
167 437
168 217
168 801
168 808
168 903
168 807
168 739
168 509
169 266
169 670
169 991
169 949
170 482
170 689
170 590
170 389
170 770
170 392
170 782
170 598
170 799
170 677
171 562
171 480
171 917
171 815
171 365
171 564
171 566
171 191
171 584
171 983
171 227
171 497
172 645
172 893
172 425
172 361
172 487
172 291
172 545
172 512
172 399
173 256
173 542
173 928
173 837
173 173
173 824
173 454
173 900
173 598
174 769
174 518
174 920
174 302
174 588
174 350
174 305
174 481
174 935
174 850
174 196
175 774
175 583
175 670
175 762
175 544
175 597
175 445
176 326
176 641
176 916
176 706
176 328
176 379
177 997
177 964
177 913
177 900
177 221
177 554
177 734
177 309
177 959
177 491
177 756
178 293
178 948
178 691
178 602
178 726
178 379
178 545
178 328
178 638
178 394
179 305
179 625
179 641
179 293
179 379
179 895
180 734
180 576
180 996
180 194
180 593
180 884
180 209
180 232
181 717
181 778
181 378
181 219
181 854
181 188
182 613
182 338
182 235
182 989
182 798
182 745
182 592
182 473
182 780
183 933
183 183
183 201
183 943
183 534
183 829
183 625
183 239
184 896
184 224
184 212
184 475
184 878
184 382
184 258
184 710
184 582
184 202
185 398
185 273
185 206
185 374
185 525
185 185
185 803
185 907
186 649
186 663
186 929
186 933
186 811
186 201
187 384
187 810
187 989
187 838
187 870
188 239
188 720
188 840
188 201
188 972
188 730
188 745
188 891
189 702
189 767
189 571
189 845
190 896
190 772
190 648
190 202
190 325
190 693
190 212
190 742
190 406
190 985
190 848
190 509
190 470
190 612
191 667
191 564
191 961
191 584
191 352
191 960
191 917
191 845
191 815
191 191
191 642
191 601
192 454
192 938
192 481
192 299
192 672
192 773
192 493
193 398
193 607
193 463
193 908
193 193
193 808
194 424
194 701
194 523
194 836
194 330
194 460
194 593
194 980
194 215
194 996
194 232
194 477
194 644
195 278
195 219
195 995
195 891
195 871
195 668
195 972
196 841
196 546
196 248
196 468
196 745
197 324
197 294
197 264
197 679
197 890
197 407
197 454
197 914
197 548
197 964
197 952
197 972
198 668
198 681
198 698
198 642
198 276
198 391
198 658
198 731
198 645
198 513
198 251
199 544
199 357
199 954
199 482
200 978
200 521
200 526
200 528
200 275
200 444
200 703
201 663
201 811
201 296
201 757
201 459
202 407
202 772
202 369
202 470
202 896
202 693
202 471
202 722
202 612
202 447
202 268
203 424
203 955
203 330
203 203
203 996
203 232
203 550
204 409
204 581
204 204
204 421
204 222
204 797
204 930
204 950
204 276
204 766
204 938
204 982
205 840
205 427
205 593
205 726
205 652
205 215
206 589
206 273
206 525
206 374
206 398
206 283
206 496
206 973
206 224
206 253
207 390
207 554
207 963
207 588
207 790
207 295
207 401
207 479
207 494
207 768
207 633
208 340
208 617
208 448
208 248
208 895
209 424
209 330
209 427
209 225
209 215
209 996
209 232
209 340
209 913
210 783
210 319
210 321
210 576
210 752
210 886
210 969
211 302
211 897
211 395
211 429
211 694
211 445
211 509
211 776
212 435
212 820
212 848
212 307
212 224
212 612
212 491
213 430
213 842
213 932
213 675
213 984
213 744
213 240
213 649
213 857
213 886
213 604
214 407
214 214
214 255
214 347
214 700
214 751
214 858
214 854
215 262
215 424
215 460
215 220
215 853
215 427
215 342
215 298
215 980
215 215
215 996
215 512
215 992
215 639
216 775
216 912
216 785
216 326
216 331
216 386
217 566
217 457
217 977
217 640
217 829
217 882
217 618
217 727
217 286
217 743
217 441
217 333
217 953
217 716
217 217
217 520
217 313
217 423
217 290
218 286
218 441
218 882
218 953
218 238
218 717
218 891
218 956
219 972
219 232
219 604
219 745
219 623
219 891
220 812
220 667
220 996
220 907
221 311
221 978
221 830
221 501
221 304
221 887
221 975
221 885
222 409
222 797
222 982
222 832
222 755
222 542
222 572
223 292
223 844
223 588
223 850
223 988
223 332
223 464
223 462
223 610
224 648
224 968
224 878
224 722
224 531
224 369
224 942
224 264
224 426
224 612
225 535
225 827
225 813
225 276
225 642
225 478
225 371
225 359
225 242
226 340
226 654
226 931
226 371
226 759
226 872
226 467
227 796
227 560
227 566
227 960
227 983
227 815
227 564
227 584
227 961
227 465
227 615
228 474
228 440
228 319
228 430
228 353
228 240
228 321
228 938
228 710
228 830
228 298
228 918
229 903
229 992
229 946
229 941
229 944
230 585
230 358
230 867
230 999
231 474
231 898
231 397
231 788
231 789
231 442
231 849
231 420
231 617
232 298
232 342
232 996
232 955
232 232
232 424
232 701
232 460
232 523
232 593
232 344
232 853
232 578
232 576
232 734
232 785
232 557
232 574
232 363
232 319
232 897
233 513
233 340
233 876
233 614
233 479
233 420
234 921
234 708
234 836
234 923
234 234
235 592
235 482
235 737
235 691
235 962
235 422
236 769
236 920
236 844
236 850
236 610
236 489
237 264
237 884
237 521
237 780
237 489
238 667
238 716
238 333
238 977
238 601
238 618
239 257
239 721
240 783
240 430
240 321
240 565
240 984
240 790
241 661
241 311
241 575
241 777
242 970
242 719
242 242
242 639
243 539
243 912
243 789
243 947
243 243
243 571
244 797
244 660
244 256
244 519
244 654
244 532
244 483
244 634
245 633
245 595
245 274
245 408
245 865
245 300
245 544
246 504
246 412
246 551
246 430
246 440
246 362
247 588
247 736
247 575
247 969
247 590
247 978
248 597
248 546
248 448
248 972
248 939
248 378
248 891
249 962
249 364
249 692
249 895
249 787
249 891
250 647
250 907
250 631
250 636
250 659
250 871
251 865
251 800
251 410
251 556
251 600
251 383
252 896
252 808
252 413
252 675
253 579
253 872
253 770
253 392
253 695
254 349
254 783
255 404
255 407
255 795
255 674
255 474
255 287
255 858
255 931
255 450
255 620
256 828
256 927
256 760
256 630
256 417
256 570
256 467
256 905
256 897
256 520
256 657
256 399
256 928
256 736
257 623
257 822
257 995
257 459
257 323
257 972
258 914
258 902
258 537
258 424
258 393
258 834
258 719
258 979
259 399
259 439
259 894
259 459
259 987
260 425
260 340
260 669
260 643
260 781
260 836
261 261
261 911
261 772
261 910
261 606
261 803
261 887
261 743
262 840
262 523
262 342
262 658
262 538
262 298
262 841
262 996
262 603
263 662
263 405
263 883
263 519
263 800
263 776
263 907
263 569
263 631
264 264
264 890
264 679
264 957
264 273
264 308
264 471
264 979
265 905
265 265
265 814
265 540
265 686
265 304
266 583
266 794
266 714
266 808
267 758
267 558
267 792
267 890
267 281
267 290
268 268
268 732
268 987
268 269
268 861
268 730
269 771
269 459
269 416
269 732
270 869
270 897
270 828
270 274
270 416
270 907
270 931
270 500
271 960
271 302
271 702
271 389
271 937
271 571
272 893
272 645
272 425
272 659
272 553
272 739
272 291
272 573
272 488
272 401
273 325
273 589
273 398
273 525
273 973
273 496
273 681
273 383
274 897
274 786
274 714
274 399
274 928
274 756
274 728
275 671
275 526
275 616
275 956
275 408
275 279
275 380
276 535
276 775
276 310
276 668
276 827
276 448
277 393
277 970
277 979
277 452
278 912
278 981
278 326
278 550
278 331
279 840
279 538
279 996
279 344
279 460
279 427
279 543
279 885
279 796
280 899
280 507
280 644
280 284
280 816
281 879
281 792
281 558
281 431
281 754
282 827
282 656
282 533
282 662
282 804
282 586
282 729
282 805
282 741
282 934
282 595
282 892
282 335
283 713
283 428
283 398
283 973
283 852
284 394
284 289
284 816
284 865
285 479
285 386
285 671
285 847
286 988
286 491
286 823
286 395
287 768
287 515
287 771
287 527
287 795
288 832
288 621
288 288
288 368
288 424
288 970
288 673
288 415
288 817
288 910
288 563
289 644
289 655
289 289
289 394
289 475
289 942
290 693
290 574
290 758
290 418
290 754
290 362
290 413
290 502
290 583
290 786
290 809
290 748
291 893
291 645
291 608
291 888
291 432
292 495
292 518
292 785
292 434
292 850
293 706
293 293
293 726
293 602
293 431
293 916
293 411
293 667
293 612
293 536
294 454
294 914
294 324
294 294
294 354
294 715
295 312
295 305
295 600
295 390
295 554
295 423
296 813
296 926
296 524
296 808
296 559
296 735
296 631
296 782
297 316
297 906
297 792
297 443
297 884
298 424
298 853
298 980
298 713
298 701
298 538
298 755
298 344
298 578
298 480
298 565
298 545
298 812
298 342
298 996
298 730
299 337
299 456
299 301
299 688
299 416
299 493
300 435
300 897
300 399
300 928
300 828
300 467
300 504
300 699
300 837
300 397
300 412
301 456
301 967
301 493
301 481
301 679
301 688
302 517
302 790
302 312
302 401
302 332
302 436
302 518
302 633
302 351
302 519
303 920
303 769
303 802
303 452
303 451
303 588
303 850
303 479
304 905
304 686
304 458
304 831
305 920
305 850
305 892
306 817
306 384
306 486
306 338
306 620
306 587
307 954
307 963
307 992
307 543
307 759
308 709
308 579
308 793
308 961
308 768
308 564
308 650
309 798
309 830
309 887
309 505
309 883
309 668
309 959
309 447
309 978
309 855
309 501
310 642
310 813
310 310
310 381
310 478
310 460
310 973
311 661
311 993
311 830
311 818
311 447
311 580
311 337
311 596
312 390
312 554
312 963
312 633
313 939
313 385
313 386
313 512
313 965
313 818
313 577
314 810
314 838
314 517
314 624
314 712
314 956
314 620
315 357
315 414
315 740
315 327
315 866
315 429
315 470
316 656
316 340
316 614
316 529
316 316
316 678
316 825
316 804
316 805
316 903
316 517
317 317
317 944
317 543
317 946
317 992
317 891
317 869
318 939
318 692
318 439
318 572
318 322
318 754
319 412
319 683
319 430
319 551
319 341
319 984
319 710
319 471
319 747
319 321
319 565
319 574
319 993
319 842
320 897
320 657
320 399
320 539
320 928
321 783
321 430
321 343
321 406
321 471
321 752
321 886
321 618
321 569
322 527
322 536
322 364
322 999
322 370
322 866
323 768
323 648
323 920
323 847
323 835
323 745
323 370
323 965
323 995
323 348
323 390
323 378
324 679
324 890
324 324
325 407
325 648
325 406
325 772
325 582
325 612
325 892
325 457
326 945
326 912
326 567
326 863
326 894
326 449
326 619
326 326
326 593
326 331
326 780
327 753
327 692
327 666
327 327
327 664
327 868
327 962
327 364
327 803
327 711
327 627
328 375
328 918
328 431
328 506
328 948
328 494
328 411
328 919
328 983
328 690
328 466
329 423
329 808
329 429
329 694
329 843
329 940
329 395
329 603
329 874
329 570
329 625
330 929
330 523
330 424
330 701
330 717
330 996
330 970
331 950
331 509
331 912
331 785
331 550
331 587
331 894
331 952
331 331
331 503
331 567
331 939
331 504
331 874
331 558
331 757
332 817
332 515
332 480
332 920
332 436
332 850
333 716
333 977
333 814
333 727
333 601
333 443
334 946
334 903
334 992
334 433
335 801
335 808
335 429
335 625
336 768
336 915
336 700
336 611
336 336
336 875
336 474
337 964
337 458
337 865
337 505
337 777
337 898
337 852
337 855
337 491
337 442
337 599
337 780
338 676
338 954
338 416
338 369
338 482
338 431
338 521
339 776
339 522
339 878
340 802
340 660
340 678
340 614
340 351
340 741
340 541
340 949
340 804
340 892
340 465
340 472
340 359
340 510
340 662
340 656
340 400
340 533
340 529
340 876
340 414
340 484
340 825
340 945
340 595
340 365
340 625
340 506
340 864
340 410
341 478
341 783
341 412
341 440
341 842
341 932
341 565
341 934
341 373
341 616
341 684
342 424
342 593
342 578
342 705
342 523
342 426
342 996
342 404
342 808
342 921
343 412
343 440
343 791
343 857
344 538
344 424
344 576
344 696
344 501
344 987
344 546
345 520
345 539
345 924
345 630
345 950
346 990
346 858
346 635
346 422
347 929
347 527
347 795
347 474
347 571
348 902
348 893
348 926
348 381
348 552
349 464
349 800
349 556
349 806
349 410
349 936
349 590
349 457
349 383
349 946
350 769
350 802
350 963
350 697
351 656
351 400
351 414
351 678
351 836
351 483
352 562
352 564
352 957
353 564
353 783
353 675
353 430
353 842
353 520
353 752
354 452
354 513
354 892
354 414
354 400
354 617
355 384
355 387
355 544
355 972
356 970
356 979
356 531
357 387
357 684
357 482
358 735
358 898
358 397
358 788
358 789
358 477
359 513
359 419
359 746
359 643
360 478
360 780
360 444
360 489
360 966
360 825
360 380
361 659
361 926
361 593
361 612
361 958
362 792
362 879
363 858
363 897
363 651
363 539
363 928
363 597
364 962
364 895
364 713
364 381
365 873
366 869
366 366
366 409
366 819
366 783
366 750
367 795
367 854
367 738
367 779
367 915
367 771
367 527
367 999
368 817
368 485
368 762
369 531
369 435
369 612
369 657
370 972
370 615
370 881
370 370
370 667
371 859
371 931
371 685
371 483
371 711
371 967
372 801
372 808
372 429
372 445
372 469
372 750
372 889
373 783
373 412
373 430
373 471
374 398
374 589
374 410
375 668
375 397
375 789
375 477
375 617
375 507
376 392
376 782
376 598
376 885
377 395
377 808
377 429
377 445
377 623
377 509
378 701
378 835
378 721
378 589
379 431
380 780
380 526
380 528
380 489
380 380
380 826
381 893
381 488
381 944
382 896
382 406
382 435
382 470
382 612
382 416
383 582
383 800
384 416
384 486
384 989
384 384
384 875
384 798
384 574
384 487
384 851
384 810
384 717
385 893
385 552
385 906
385 443
385 912
386 462
387 827
387 676
387 682
387 387
387 954
387 684
387 613
387 488
387 643
387 544
387 592
388 676
388 749
388 700
389 831
389 424
389 389
389 555
389 767
389 702
389 937
389 571
390 649
390 790
390 988
390 764
390 875
390 997
391 478
391 827
391 775
391 391
391 535
391 681
391 813
392 430
392 677
392 782
392 791
392 885
392 695
392 799
392 770
392 477
392 932
393 685
393 461
393 999
393 834
393 719
394 909
394 816
394 499
395 739
395 559
395 423
395 635
395 509
396 607
396 646
396 851
396 703
396 908
397 788
397 947
397 957
397 442
399 897
399 794
399 839
399 828
399 514
399 568
399 924
399 818
399 420
399 714
399 557
399 927
399 417
399 784
399 702
399 938
399 726
399 542
399 928
400 656
400 529
400 414
400 484
400 541
400 805
400 741
400 892
401 817
401 518
401 434
401 920
401 790
401 452
401 588
401 928
401 577
401 623
402 402
402 463
402 928
403 855
403 658
403 728
403 552
404 832
404 485
404 628
404 605
404 626
404 671
404 415
405 593
405 977
405 907
405 631
405 792
406 896
406 968
406 848
406 612
407 407
407 915
407 700
407 738
407 826
407 771
407 886
408 854
408 408
408 821
408 575
408 447
408 580
408 887
409 982
409 797
409 972
409 729
410 410
411 918
411 431
411 411
411 641
411 628
411 948
412 584
412 783
412 412
412 471
412 490
412 994
412 704
412 938
412 675
412 680
412 607
412 867
412 572
412 430
413 611
413 875
413 472
413 683
413 873
413 558
414 656
414 718
414 533
414 510
415 673
415 621
415 428
415 766
415 415
415 872
415 611
415 817
416 487
416 712
416 810
416 624
416 719
417 897
417 542
417 818
417 547
418 810
418 631
418 834
418 719
418 792
418 754
419 823
419 586
419 465
419 595
420 897
420 514
420 426
420 776
421 930
421 819
421 574
421 976
422 780
422 526
422 528
422 521
422 489
423 801
423 904
423 735
423 694
423 975
423 849
423 455
423 750
423 423
423 940
423 881
423 961
423 789
424 859
424 955
424 996
424 713
424 578
424 812
424 853
424 523
424 705
424 427
424 424
424 576
424 840
424 701
424 734
424 880
424 472
424 460
424 755
424 485
424 907
425 659
425 487
425 488
425 888
425 516
425 573
425 548
425 716
426 783
426 776
426 440
426 690
427 814
427 914
427 955
428 832
428 671
428 817
428 940
429 564
429 849
429 975
429 445
429 696
429 694
429 843
429 715
429 559
429 603
429 801
429 455
429 870
429 939
429 874
429 582
429 588
429 462
429 625
429 509
429 972
430 783
430 490
430 430
430 747
430 842
430 551
430 938
430 683
430 994
430 471
430 446
430 877
430 565
430 549
430 552
430 619
430 963
430 500
430 628
430 857
430 886
431 503
431 641
431 706
431 431
431 948
432 534
432 663
432 537
432 929
432 521
433 601
433 543
433 903
433 792
433 946
433 778
434 633
434 844
434 850
434 629
435 648
435 435
435 531
435 895
435 612
435 503
436 802
436 554
436 764
436 588
437 697
437 971
437 891
437 995
437 972
437 604
438 905
438 653
438 686
438 603
439 626
439 692
439 753
439 666
439 599
439 999
440 929
440 837
440 842
440 747
440 490
440 551
440 932
440 446
440 744
440 752
440 549
440 938
440 886
440 487
440 530
440 504
440 451
441 601
441 882
441 840
441 942
442 650
442 789
442 442
442 632
442 898
442 458
442 776
444 526
444 521
444 498
444 489
445 739
445 715
445 904
445 951
445 696
445 808
445 603
445 462
445 445
445 975
445 801
445 775
445 584
445 474
446 542
446 984
446 455
446 857
447 447
447 855
447 821
447 476
447 777
447 506
447 832
448 810
448 749
448 615
448 972
449 853
449 952
449 785
449 981
449 989
450 856
450 498
450 452
451 662
451 959
451 964
451 580
451 836
452 920
452 963
452 591
452 856
452 554
452 475
452 834
453 901
453 834
453 516
454 914
454 857
455 996
455 694
455 469
456 922
456 773
456 493
456 876
457 640
457 953
457 882
457 977
457 601
457 862
458 913
458 608
458 505
458 590
458 491
459 861
459 987
460 614
460 593
460 996
461 793
461 834
461 970
462 801
462 808
462 559
462 715
462 870
462 642
462 670
463 657
463 908
463 607
463 851
463 613
464 910
464 911
464 622
464 606
464 803
465 943
465 529
465 484
465 805
465 945
465 595
465 525
466 781
466 708
466 836
466 532
466 713
466 511
467 897
467 520
467 928
467 699
467 675
468 711
468 958
468 720
468 943
469 940
469 739
469 685
469 625
470 538
470 531
470 820
470 848
470 968
470 693
470 475
470 907
470 991
470 899
470 612
471 683
471 984
471 747
471 490
471 744
471 675
471 877
471 508
471 801
472 533
472 662
473 517
473 810
473 503
474 771
474 527
474 674
474 635
474 854
474 738
474 700
474 611
474 858
474 990
474 915
474 751
474 983
475 582
475 985
475 612
475 630
476 592
476 900
476 586
477 889
477 617
477 867
477 947
477 874
477 798
478 642
478 731
478 520
478 655
479 554
479 997
480 917
480 564
480 983
481 978
481 967
481 922
481 493
482 838
482 875
482 684
482 733
482 737
482 620
482 482
482 989
482 613
482 624
482 525
482 794
482 931
483 654
483 483
483 685
483 530
483 759
483 812
483 564
484 757
484 864
484 741
485 671
485 817
485 766
485 971
486 810
486 684
486 954
486 908
487 487
487 488
488 926
488 516
488 488
488 548
488 720
488 985
488 584
489 558
489 521
489 526
489 703
489 966
489 616
489 956
489 780
489 563
489 905
489 957
489 589
490 752
490 886
491 855
491 887
491 661
491 993
491 771
492 931
492 547
492 672
492 654
492 492
492 883
492 738
493 773
493 922
493 967
493 688
493 493
493 536
494 919
494 638
494 852
495 769
495 518
495 920
495 802
495 850
495 633
495 807
496 589
496 973
497 519
497 776
497 631
497 502
498 779
498 527
498 674
498 751
498 635
498 576
498 628
499 977
499 530
499 685
499 499
500 699
500 532
500 872
500 759
500 855
501 751
501 913
501 887
501 986
502 640
502 792
502 809
503 894
503 619
503 939
504 990
504 897
504 736
504 760
505 969
506 919
506 726
506 549
507 948
509 951
509 739
509 694
509 870
509 735
509 696
509 715
509 807
509 975
509 904
509 587
509 515
510 656
510 533
510 864
510 741
510 623
510 934
511 996
511 643
511 921
511 836
511 711
512 906
512 703
512 577
513 533
513 718
513 656
513 662
514 897
514 786
514 784
514 657
514 568
515 982
515 990
515 527
515 771
515 703
516 645
516 548
516 930
517 698
517 613
517 810
517 983
518 856
518 588
518 988
518 724
518 963
518 591
518 518
518 600
518 633
518 904
518 651
518 594
518 648
518 610
518 997
519 776
519 647
519 522
519 974
519 931
519 907
520 897
520 927
520 568
520 534
520 924
521 783
521 780
521 616
521 521
521 966
522 776
522 644
522 907
522 631
523 538
523 840
523 867
523 701
523 980
523 755
524 810
524 610
524 808
524 694
524 951
524 967
524 801
524 849
525 589
525 525
525 973
526 826
526 959
526 780
526 703
526 616
526 854
526 781
526 528
526 966
527 768
527 738
527 771
527 674
527 795
527 545
527 826
528 780
528 966
528 669
528 933
529 905
529 678
529 682
529 595
530 763
530 759
530 672
530 942
530 547
530 685
530 745
531 693
531 610
531 968
531 612
532 654
532 931
533 656
533 864
533 678
533 718
533 850
534 943
534 609
535 731
535 687
535 752
535 827
536 595
536 740
536 666
536 866
536 692
536 627
536 725
536 753
536 895
536 868
536 862
536 599
537 663
537 933
537 957
537 929
537 609
537 943
537 593
537 928
538 853
538 578
538 840
538 734
538 886
539 737
539 657
539 839
539 897
539 784
539 568
539 557
539 786
539 651
539 760
539 679
539 542
539 928
540 905
540 814
540 831
540 682
540 686
540 850
541 945
541 949
541 614
541 729
541 804
541 570
541 763
541 678
541 971
542 897
542 818
542 924
542 542
542 928
542 561
543 903
543 944
544 951
545 886
545 618
546 821
546 881
546 720
546 971
547 759
547 547
547 931
548 645
548 553
548 955
549 675
549 934
549 565
549 744
550 912
550 785
550 939
551 886
551 783
551 710
551 595
551 842
552 877
552 552
552 595
553 645
553 902
553 893
554 996
554 997
554 769
554 818
554 963
554 588
555 937
555 869
555 571
556 862
556 773
557 897
557 657
557 928
557 958
558 758
558 647
559 808
559 735
560 667
560 796
560 961
560 566
560 580
560 564
561 897
561 928
561 939
562 667
562 579
562 796
562 983
563 996
563 612
563 780
563 703
564 960
564 667
564 796
564 815
564 793
564 845
564 579
564 917
564 723
564 709
564 696
564 847
564 983
564 873
565 783
565 725
565 842
565 984
565 857
566 723
566 709
566 579
566 983
566 979
566 782
567 924
567 912
568 794
568 666
569 647
569 636
569 631
570 897
570 928
571 937
571 935
571 702
571 891
572 927
572 908
572 692
573 926
573 897
574 875
575 777
575 590
575 913
575 830
575 596
575 900
575 649
575 644
575 616
575 959
575 978
576 955
576 853
576 961
576 935
576 593
576 996
576 806
577 661
577 974
578 705
578 996
578 928
578 967
579 845
579 796
579 709
580 821
581 797
581 869
581 976
581 930
581 967
581 813
581 929
582 820
582 693
582 878
582 720
582 612
583 991
583 901
583 774
583 583
583 704
583 614
584 917
584 845
584 983
585 805
585 789
585 652
585 617
586 656
586 805
587 912
587 785
587 952
587 863
588 810
588 856
588 988
588 600
588 724
588 647
588 994
588 964
588 850
588 887
589 589
589 973
589 829
590 978
590 608
590 852
590 827
590 887
591 790
591 844
591 829
591 747
593 755
593 996
594 905
594 653
594 831
594 949
595 771
595 850
595 662
595 729
595 892
596 913
596 860
596 969
596 993
596 948
596 730
597 717
597 897
597 928
597 651
597 794
597 837
597 809
597 758
598 770
598 782
598 677
598 624
599 599
600 920
600 850
601 734
601 953
601 716
601 743
602 823
602 641
603 718
603 801
603 808
603 694
603 975
603 860
603 625
604 778
604 891
604 958
604 745
604 623
605 787
605 671
605 673
605 817
606 689
606 910
606 628
606 992
607 646
607 908
608 777
608 964
609 649
609 609
610 774
610 997
610 648
611 771
611 674
611 826
611 696
611 770
612 772
612 648
612 693
612 742
612 896
612 820
612 848
612 878
612 612
612 737
612 627
612 999
612 835
612 683
613 684
613 620
613 624
614 741
614 892
615 970
615 972
615 739
616 780
617 635
617 889
617 650
617 947
617 632
617 898
617 911
618 953
618 716
618 977
618 618
619 783
619 785
619 861
620 798
621 787
621 817
621 641
622 876
622 803
622 622
622 711
622 960
622 689
623 822
623 835
623 847
623 995
623 623
623 653
624 810
624 821
625 940
625 975
625 870
625 625
625 750
625 771
625 893
626 832
626 766
627 999
627 880
627 764
628 812
628 671
628 817
628 766
628 783
628 863
629 976
629 776
629 907
629 631
630 897
630 928
631 776
631 907
631 647
631 631
631 636
632 788
632 789
633 769
633 850
633 724
633 856
633 912
634 937
634 654
634 685
634 759
634 690
634 697
635 771
635 779
635 738
635 924
635 719
636 687
636 694
636 776
636 647
636 636
636 691
637 980
637 643
637 836
638 641
638 948
638 916
638 767
639 834
639 970
639 719
639 979
639 889
639 669
640 829
640 977
640 743
641 691
641 919
641 917
642 813
642 681
642 775
642 687
642 731
643 923
643 781
643 921
643 836
644 959
644 909
644 942
644 833
645 659
645 888
645 719
646 646
647 647
647 710
647 907
648 693
648 968
648 722
649 757
649 933
649 929
650 790
650 898
650 867
650 789
651 811
651 996
651 897
651 824
651 873
651 953
651 951
651 928
652 779
652 983
652 800
652 789
652 828
653 905
653 814
653 653
653 844
654 674
654 784
654 685
655 909
655 728
655 658
655 816
656 825
656 656
656 739
656 729
656 892
657 897
657 760
657 657
657 818
657 699
658 996
658 774
659 879
660 718
660 823
660 804
660 678
660 949
660 892
661 777
661 887
661 865
661 913
662 805
662 729
662 662
662 804
662 741
662 746
662 892
663 811
663 929
663 943
663 692
663 933
663 739
664 666
664 868
664 979
665 920
665 910
665 911
665 871
665 803
667 912
668 775
668 698
668 827
668 731
669 781
669 669
669 836
670 901
670 991
670 670
670 942
671 766
671 677
672 850
672 672
672 931
672 685
673 766
673 907
673 817
674 771
674 779
674 795
674 858
674 674
674 738
674 700
674 915
674 979
674 799
675 934
675 932
675 857
675 726
676 798
676 875
676 682
676 684
677 791
677 695
678 945
678 746
678 825
678 990
679 914
679 890
679 932
680 683
680 752
680 704
680 710
680 816
680 846
680 937
680 942
681 827
681 687
681 731
681 681
681 739
681 919
681 836
682 717
683 783
683 877
684 798
684 898
684 961
685 931
685 685
686 905
686 686
686 814
686 786
686 831
687 775
687 813
687 731
688 773
688 983
689 689
690 931
690 763
692 725
692 998
692 986
693 893
693 933
693 997
693 897
694 808
694 951
694 715
694 872
694 750
695 782
695 799
695 743
696 808
697 778
698 813
698 731
699 709
699 928
699 714
699 924
700 768
700 795
700 826
700 838
702 827
702 986
703 985
703 780
703 956
704 890
704 932
704 938
705 713
705 790
705 996
705 983
706 916
706 832
707 834
707 707
707 970
707 719
708 921
708 795
708 836
709 917
709 838
711 816
712 810
712 717
712 733
713 761
714 928
715 807
715 983
716 882
716 716
717 798
717 838
719 970
719 764
719 834
719 719
719 814
720 958
721 778
721 972
721 721
721 997
722 795
722 896
722 755
723 917
723 723
723 983
723 928
724 844
724 988
724 862
724 746
725 962
725 886
727 743
728 942
728 728
729 825
729 741
729 836
729 906
730 822
730 958
731 827
731 813
731 775
731 766
731 793
731 740
732 987
732 981
733 733
733 851
733 887
734 841
734 996
734 755
734 842
734 904
735 870
736 897
736 928
737 810
738 795
738 826
738 990
738 776
738 824
739 808
739 807
739 739
739 750
740 986
740 866
740 985
741 805
741 983
742 896
742 820
742 848
743 953
743 829
743 964
743 907
743 972
744 934
745 971
745 871
745 972
745 826
746 825
746 892
746 822
747 783
748 792
749 758
751 915
752 846
752 934
752 941
752 954
752 987
752 767
753 762
753 783
753 871
754 897
754 809
756 821
756 887
757 929
757 933
758 792
758 777
759 928
759 931
759 763
760 928
760 829
761 769
761 920
761 850
762 762
763 931
764 825
765 897
765 928
765 818
765 765
766 892
766 898
767 767
768 858
768 854
768 795
769 802
770 799
770 782
771 925
772 896
772 985
772 917
772 793
773 853
774 901
774 774
774 795
774 785
775 813
775 827
775 775
775 950
776 883
776 974
776 777
776 907
777 804
777 777
777 959
777 871
777 978
777 860
779 915
779 826
780 889
780 966
780 956
780 788
781 865
782 799
782 885
782 791
782 782
782 904
783 857
783 938
783 886
783 930
783 932
784 897
784 928
784 837
785 912
785 981
785 863
785 952
785 964
786 897
786 928
786 977
787 817
787 948
788 896
788 947
788 919
789 874
789 914
789 835
790 920
790 912
791 791
792 792
793 815
794 897
795 982
796 796
796 815
796 983
797 930
797 819
797 845
798 989
800 862
800 806
800 936
800 965
802 817
802 844
802 850
803 911
803 910
804 892
805 823
807 808
807 870
807 829
808 940
808 951
808 899
808 959
810 810
810 892
811 929
811 957
812 841
812 996
812 899
813 827
813 813
815 962
816 899
816 917
817 832
817 817
817 991
818 897
818 928
818 837
819 950
820 896
820 961
821 993
821 887
821 830
821 969
822 972
823 892
823 928
824 897
825 892
827 827
828 873
829 861
830 978
831 905
831 863
833 942
834 979
834 834
834 932
834 984
834 970
835 972
835 881
836 921
836 836
837 983
837 928
839 897
840 974
841 853
841 955
841 996
842 934
842 994
842 857
842 986
843 849
844 850
845 983
846 886
846 846
847 972
848 989
850 920
850 850
850 997
850 894
850 926
851 908
851 851
852 888
852 958
852 887
853 859
853 996
853 875
854 915
855 887
855 860
857 941
858 916
859 955
859 996
860 879
861 987
862 897
863 863
863 894
864 949
864 945
864 876
865 978
865 959
865 913
866 986
866 995
866 880
867 915
868 893
868 962
869 982
869 976
869 930
871 972
871 995
872 931
873 897
873 928
873 873
877 932
879 879
880 986
880 978
881 924
881 928
881 972
882 977
883 907
887 959
887 969
888 893
890 914
890 903
891 958
891 972
891 891
891 965
893 902
894 912
895 919
896 968
897 924
897 928
897 956
898 947
899 909
900 969
900 900
900 959
901 991
901 901
903 903
903 946
904 975
907 907
909 998
909 942
910 910
911 911
912 912
912 939
912 952
912 981
912 925
914 914
915 990
915 917
916 918
916 948
917 961
917 983
918 919
919 948
920 966
921 923
922 967
922 922
922 982
924 924
927 928
928 988
929 929
929 957
929 943
930 976
931 999
931 984
933 957
933 943
933 993
935 935
939 939
941 941
943 957
944 944
944 946
953 990
955 996
957 986
958 972
959 969
959 959
965 970
965 972
966 966
967 967
968 985
970 979
970 990
971 972
977 977
978 993
983 983
986 999
987 987
993 998
