0 157
0 128
0 41
0 657
0 471
0 380
0 643
0 605
0 506
0 938
0 848
1 520
1 209
1 58
1 362
1 261
1 709
2 754
2 775
2 577
2 38
2 853
2 907
2 156
2 159
2 672
3 899
3 20
3 371
3 227
3 138
3 636
3 12
3 627
3 184
3 229
4 40
4 386
4 317
4 893
4 134
4 754
4 87
4 636
4 786
4 818
5 812
5 263
5 696
5 94
5 331
5 5
5 682
5 556
5 252
5 107
5 399
5 990
5 390
5 149
5 479
5 612
5 980
6 538
6 968
6 648
6 195
6 180
6 611
7 534
7 900
7 133
7 701
7 493
7 33
7 652
7 37
7 107
8 768
8 296
8 640
8 845
8 243
8 523
9 159
9 944
9 900
9 290
9 588
9 543
9 516
9 895
9 934
10 342
10 699
10 35
10 830
10 350
10 922
10 528
10 166
11 47
11 768
11 139
11 318
11 151
11 582
11 97
11 362
11 218
11 17
12 899
12 390
12 225
12 353
12 524
12 732
12 276
12 115
12 180
12 270
12 21
12 907
13 78
13 184
13 263
13 433
13 879
13 154
13 812
14 158
14 387
14 714
14 142
14 712
14 585
15 782
15 914
15 367
15 548
15 74
15 399
15 801
15 689
15 271
15 357
15 538
15 148
15 67
15 792
15 800
15 676
15 314
15 866
15 718
15 922
16 396
16 495
16 805
16 638
16 501
16 68
16 16
16 180
16 875
16 540
16 920
16 708
16 375
16 679
16 32
16 889
16 284
16 896
16 521
16 821
16 18
16 157
16 173
16 827
16 370
16 204
16 439
16 277
16 26
16 732
16 763
16 207
16 623
16 355
16 921
16 575
16 960
16 318
16 888
16 177
16 870
16 989
17 541
17 875
17 128
17 108
17 102
17 879
17 110
17 532
17 289
17 985
17 21
17 559
18 396
18 638
18 521
18 805
18 99
18 630
18 176
18 61
18 157
18 602
18 30
19 905
19 472
19 990
19 504
19 36
19 738
19 614
19 339
20 899
20 225
20 355
20 227
20 612
20 620
20 674
20 848
20 431
20 754
20 635
20 331
20 459
21 496
21 67
21 389
21 27
21 525
21 902
21 363
21 575
21 892
21 839
21 849
21 369
21 829
21 840
21 131
21 150
21 614
21 930
21 974
21 845
21 649
21 579
21 625
21 805
21 415
21 226
21 330
21 213
21 993
21 304
21 806
21 592
21 273
21 836
21 711
21 471
22 935
22 649
22 206
22 739
22 640
22 322
22 523
22 409
22 100
23 45
23 619
23 117
23 345
23 250
23 558
23 266
23 483
23 807
23 572
23 578
23 464
24 899
24 56
24 24
24 264
24 36
24 935
24 447
24 985
24 829
25 60
25 168
25 842
25 851
25 385
25 420
25 621
26 685
26 418
26 278
26 480
26 778
26 394
26 758
26 425
26 234
26 309
26 620
26 803
27 541
27 843
27 829
27 731
27 131
27 845
27 525
27 930
27 575
27 649
27 849
27 761
27 466
27 991
27 209
27 452
27 290
27 948
27 856
27 811
27 472
27 974
27 381
28 380
28 832
28 900
28 527
28 269
28 955
28 643
28 290
28 667
28 551
28 402
28 324
28 882
28 936
29 56
29 599
29 344
29 425
29 528
29 442
29 251
29 694
29 752
29 945
29 262
29 678
29 747
30 120
30 651
30 341
30 790
30 511
30 425
30 589
31 627
31 219
31 856
31 973
31 862
31 488
31 650
31 859
31 981
31 274
31 321
31 960
31 893
32 783
32 68
32 180
32 169
32 419
32 115
32 412
32 889
32 797
32 340
33 303
33 823
33 33
33 314
34 351
34 750
34 793
34 384
34 391
34 487
35 431
35 195
35 926
35 611
35 551
35 824
35 433
35 81
35 266
35 776
35 203
35 760
35 733
35 106
36 120
36 667
36 319
36 951
36 935
36 289
36 937
36 950
36 102
36 36
36 644
36 177
36 73
36 596
36 340
36 606
36 447
36 152
36 544
36 632
36 907
37 643
37 527
37 330
37 923
37 985
37 127
37 809
37 292
38 159
38 156
38 537
38 38
38 132
38 577
38 902
38 594
38 247
38 702
38 489
38 512
38 104
38 128
38 83
38 327
38 760
38 972
38 712
39 273
39 566
39 86
39 730
39 391
39 312
39 766
39 635
39 717
39 254
39 488
39 595
39 413
39 302
39 317
39 83
39 85
39 342
39 915
39 523
39 886
40 782
40 914
40 676
40 800
40 314
40 188
40 367
40 655
40 74
40 193
40 480
40 495
40 598
40 884
40 435
40 696
40 925
40 265
41 270
41 777
41 67
41 882
41 872
41 104
41 137
42 271
42 725
42 528
42 323
42 491
42 402
42 768
42 359
42 876
42 187
42 583
42 467
43 681
43 216
43 599
43 532
43 500
43 333
43 193
44 318
44 401
44 497
44 688
44 605
44 533
44 694
44 219
44 467
45 629
45 250
45 756
45 355
45 539
45 757
45 176
45 77
45 619
45 160
45 528
46 58
46 488
46 372
46 46
46 394
46 498
46 901
46 633
46 477
46 204
46 449
46 728
46 819
46 174
46 559
46 758
46 293
46 419
46 106
46 297
46 662
46 333
46 744
46 668
46 374
46 577
46 975
47 645
47 807
47 486
47 117
47 345
47 376
47 801
47 77
47 377
47 67
47 85
47 379
48 513
48 771
48 48
48 414
48 777
48 192
48 950
48 425
49 725
49 431
49 426
49 332
49 303
49 738
49 668
49 353
49 441
50 908
50 403
50 50
50 360
50 989
51 773
51 659
51 51
51 811
51 573
51 668
52 511
52 139
52 538
52 473
52 895
52 560
52 485
52 601
52 509
53 672
53 354
53 667
53 818
53 685
54 522
54 541
54 409
54 429
54 919
54 320
54 210
54 721
54 449
54 614
54 946
55 669
55 415
55 813
55 55
55 780
55 401
55 866
55 289
56 782
56 266
56 635
56 289
56 950
56 108
56 360
56 62
56 731
56 680
56 447
56 985
56 933
56 346
57 426
57 578
57 451
57 557
57 179
57 186
57 217
58 562
58 819
58 728
58 763
58 449
58 853
58 633
58 275
59 436
59 837
59 793
59 351
59 487
59 792
59 864
59 751
60 513
60 781
60 729
60 271
60 573
60 99
60 485
60 784
60 838
61 697
61 641
61 778
61 494
61 310
61 655
61 780
62 520
62 432
62 350
62 832
62 555
62 663
62 969
62 256
62 732
62 833
62 617
62 723
62 211
62 605
62 571
62 144
62 408
62 935
62 855
62 536
62 208
62 258
62 342
62 148
62 910
62 581
63 941
63 773
63 774
63 167
63 444
63 912
64 511
64 731
64 304
64 567
64 830
64 591
64 552
64 108
64 954
64 347
64 617
64 960
65 636
65 151
65 393
65 534
65 139
65 460
65 728
65 781
65 963
65 915
66 638
66 98
66 957
66 433
66 321
66 158
66 972
66 992
66 229
67 897
67 270
67 952
67 503
67 777
67 746
67 438
67 728
67 484
67 982
68 521
68 157
68 284
68 748
68 807
68 483
68 124
69 372
69 119
69 295
69 826
69 856
69 190
69 838
69 284
69 837
69 123
70 965
70 70
70 138
70 577
70 661
70 413
71 704
71 968
71 83
71 300
71 163
72 392
72 427
72 481
72 567
72 85
72 93
73 505
73 261
73 802
73 554
73 304
73 563
73 73
73 457
73 630
73 338
73 307
73 913
73 106
73 606
73 933
73 245
73 406
73 898
73 257
74 782
74 655
74 923
74 800
74 801
74 676
74 447
75 300
75 458
75 740
75 847
75 639
75 791
75 91
76 566
76 258
76 182
76 635
76 428
76 442
76 876
76 687
76 473
76 974
76 130
76 620
76 547
77 384
77 807
77 176
77 499
77 619
77 505
77 486
77 345
77 762
77 971
77 576
77 94
77 638
77 693
77 480
77 361
77 756
77 834
78 899
78 431
78 646
78 869
78 939
78 214
78 690
78 212
79 426
79 440
79 588
79 687
79 908
79 317
79 491
79 227
79 567
79 83
79 618
80 256
80 331
80 680
80 215
80 235
80 657
80 601
80 647
80 757
80 880
80 427
80 855
80 234
80 735
80 768
80 569
80 385
80 119
80 195
80 93
81 801
81 619
81 651
81 511
81 956
81 746
81 146
81 229
81 207
81 993
81 701
82 190
82 567
82 545
82 906
82 966
82 156
82 168
82 281
83 432
83 386
83 312
83 452
83 685
83 428
83 317
83 634
83 342
83 469
83 573
83 730
83 514
83 871
83 372
83 274
83 906
83 451
84 236
84 556
84 688
84 622
84 210
84 645
84 670
84 791
84 524
84 948
85 692
85 580
85 302
85 110
85 997
85 386
85 822
85 755
85 959
85 910
85 407
85 299
85 300
85 844
85 996
85 342
85 759
86 86
86 661
86 236
86 342
86 294
86 712
86 971
86 193
87 844
87 972
87 707
87 229
87 934
87 280
87 350
87 437
88 899
88 520
88 539
88 431
88 758
88 894
88 811
88 951
88 621
88 770
88 489
88 253
88 403
89 566
89 981
89 215
89 982
89 547
89 443
89 816
89 108
89 983
89 234
89 475
89 950
89 490
90 771
90 588
90 432
90 342
90 242
90 401
90 810
90 333
90 420
90 992
91 409
91 937
91 665
91 791
91 740
91 731
91 708
91 291
91 98
91 938
92 463
92 824
92 433
92 319
92 159
92 926
92 164
92 490
93 814
93 866
93 560
93 309
93 841
93 647
93 146
93 368
93 343
93 247
93 260
93 481
93 601
93 427
93 606
93 193
93 781
93 337
93 105
93 931
93 808
93 198
93 402
93 967
93 207
93 307
94 331
94 204
94 662
94 812
94 978
95 994
95 524
95 249
95 730
95 589
95 491
95 510
96 787
96 411
96 404
96 924
96 115
96 441
96 805
97 176
97 291
97 185
97 388
98 488
98 424
98 273
98 716
99 211
99 930
99 167
99 922
99 714
99 153
99 603
99 893
99 292
99 208
100 521
100 447
100 100
100 568
100 603
101 899
101 521
101 737
101 943
101 990
101 592
102 801
102 395
102 879
102 935
102 319
102 447
102 985
102 609
103 143
103 192
103 852
103 535
103 393
103 188
103 836
103 442
103 780
104 429
104 821
104 602
104 679
104 375
104 180
104 875
104 889
104 529
104 170
104 954
104 451
104 794
104 304
104 228
104 526
105 147
105 200
105 221
105 497
105 639
106 935
106 870
106 443
106 547
106 490
106 982
106 938
106 524
106 848
106 152
106 977
106 771
107 785
107 286
107 755
107 818
108 447
108 985
108 862
108 336
108 764
108 946
108 624
108 417
109 595
109 577
109 672
109 856
109 406
109 496
109 723
109 852
110 807
110 822
110 296
110 766
110 678
110 462
110 932
110 649
110 686
111 651
111 120
111 529
111 197
111 852
111 785
111 177
112 520
112 681
112 813
112 311
112 120
112 531
112 705
113 766
113 649
113 930
113 836
113 614
113 456
113 321
113 365
114 181
114 703
114 369
114 925
114 147
114 519
114 909
114 803
114 208
114 230
115 899
115 653
115 225
115 906
115 175
115 479
115 787
116 617
116 333
116 974
116 941
116 743
116 167
116 774
116 598
116 552
116 463
116 285
116 136
116 301
116 688
116 491
117 676
117 645
117 142
117 580
117 843
117 275
117 559
118 422
118 245
118 666
118 931
118 625
118 984
118 624
118 171
118 730
118 660
119 256
119 794
119 432
119 445
119 211
119 997
119 157
119 480
119 963
119 479
119 967
119 859
120 204
120 905
120 508
120 243
120 122
120 651
120 844
120 676
120 868
120 511
120 319
120 340
121 914
121 800
121 676
121 827
121 859
121 653
121 383
121 131
121 731
121 515
122 380
122 651
122 924
122 979
122 511
122 391
122 196
123 521
123 187
123 712
123 467
123 123
123 608
123 879
123 605
123 886
123 271
124 508
124 450
124 322
124 569
124 307
124 639
124 292
125 332
125 152
125 304
125 579
125 811
125 921
125 593
125 217
126 486
126 244
126 659
126 953
126 578
127 827
127 478
127 944
127 900
127 518
127 516
127 962
127 837
127 653
127 496
127 173
127 945
128 128
128 776
128 391
128 219
128 444
128 760
128 493
129 889
129 293
129 543
129 664
129 407
129 561
129 913
130 522
130 234
130 971
130 435
131 711
131 719
131 525
131 829
131 761
131 434
131 176
131 836
131 974
132 577
132 671
132 537
132 344
132 183
132 456
132 156
132 672
132 550
132 790
132 234
133 643
133 895
133 147
133 185
133 442
133 251
133 490
134 180
134 434
134 603
134 678
134 778
134 818
135 535
135 269
135 207
135 228
135 980
135 554
135 240
135 854
135 395
136 633
136 219
136 957
136 420
136 179
136 941
136 547
136 772
136 160
136 626
137 213
137 599
137 661
137 401
137 834
137 878
137 387
137 893
137 317
137 674
137 455
137 333
137 592
137 839
138 330
138 352
138 615
138 850
138 779
138 931
138 625
139 768
139 636
139 318
139 298
139 529
140 472
140 716
140 140
140 211
140 175
140 828
140 877
141 672
141 197
141 484
141 485
141 769
141 515
142 727
142 486
142 623
142 506
142 619
142 505
142 805
142 497
143 899
143 318
143 145
143 484
143 767
143 143
143 462
143 175
143 995
143 832
143 255
143 699
143 248
143 272
143 928
144 276
144 389
144 680
144 957
144 928
144 656
144 904
144 841
145 852
145 797
145 767
145 690
145 548
145 192
145 199
146 627
146 426
146 206
146 835
147 234
147 785
147 945
147 586
148 390
148 950
148 954
148 666
148 783
148 629
148 444
148 438
149 412
149 654
149 184
149 935
149 875
149 426
149 315
149 377
149 302
150 839
150 711
150 930
150 840
150 630
150 798
150 965
150 614
150 493
151 284
151 151
151 710
151 861
151 332
151 342
151 626
151 458
151 686
152 461
152 856
152 991
152 290
152 554
152 324
152 400
152 733
153 423
153 421
153 898
153 778
153 979
153 153
153 398
153 651
153 733
153 234
154 159
154 331
154 820
154 812
154 263
154 896
154 868
154 806
154 460
154 556
154 696
154 888
155 936
155 921
155 565
155 756
155 600
155 531
156 577
156 456
156 159
156 631
156 482
156 588
156 164
156 229
157 896
157 396
157 889
157 540
157 501
157 169
157 875
157 931
157 860
157 871
157 301
157 787
157 199
157 909
158 334
158 229
158 164
158 625
158 707
158 972
159 550
159 159
159 496
159 577
159 456
159 323
159 723
159 961
159 515
159 804
160 722
160 626
160 420
160 437
160 871
160 921
160 565
160 967
160 278
160 160
160 206
160 269
160 898
160 517
160 729
161 261
161 349
161 415
161 461
161 740
161 259
162 685
162 529
162 535
162 256
162 411
162 815
162 197
162 484
162 480
163 959
163 802
163 362
163 387
163 811
163 547
163 563
163 981
163 482
164 212
164 713
164 926
164 274
164 306
164 388
164 316
164 346
165 708
165 211
165 688
165 560
165 251
165 847
165 401
165 238
165 202
165 358
166 479
166 666
166 528
166 277
166 442
166 267
166 320
166 593
166 184
166 833
166 417
166 704
166 253
167 773
167 666
167 598
167 954
167 167
167 646
167 890
167 175
167 454
168 815
168 325
168 168
168 281
168 831
168 810
168 740
168 425
169 619
169 431
169 449
169 539
169 985
169 898
170 426
170 394
170 386
170 807
170 844
170 990
170 690
171 771
171 894
171 647
171 933
171 651
171 645
172 431
172 775
172 783
172 609
172 678
172 974
172 957
172 190
172 859
172 512
173 556
173 378
173 206
173 476
174 394
174 562
174 477
174 374
174 819
174 787
174 856
174 271
174 204
174 633
174 786
174 948
175 577
175 397
175 347
175 398
175 422
175 822
175 828
176 668
176 764
176 983
176 890
176 442
176 267
176 537
176 619
176 499
176 820
176 242
176 950
176 780
177 243
177 785
177 861
177 842
177 257
178 372
178 789
178 446
178 386
178 660
178 778
178 650
178 863
178 403
179 899
179 520
179 836
179 224
179 227
179 646
180 914
180 805
180 473
180 500
181 426
181 670
181 847
181 687
181 616
181 566
181 440
182 258
182 428
182 566
182 302
182 693
182 807
182 535
182 573
182 968
182 342
182 233
182 954
183 672
183 386
183 799
183 914
183 573
183 333
183 523
184 541
184 814
184 441
184 442
184 688
185 271
185 227
185 959
185 185
185 317
185 794
185 336
185 307
185 677
185 342
185 343
186 390
186 219
186 220
186 193
186 337
186 559
186 304
186 954
186 646
186 902
187 918
187 512
187 772
187 535
187 540
187 238
187 651
187 583
187 467
188 782
188 914
188 923
188 800
188 676
188 740
188 721
188 204
188 457
188 753
189 595
189 332
189 951
189 950
189 962
189 730
189 447
189 985
189 290
189 741
190 792
190 653
190 830
190 950
190 964
191 801
191 483
191 351
191 769
191 405
191 414
192 636
192 484
192 232
192 504
192 535
192 884
192 943
192 815
192 242
192 282
192 686
192 902
192 704
192 389
192 916
192 841
192 248
192 894
192 865
193 394
193 535
193 553
193 544
193 906
193 962
193 337
193 828
193 241
193 257
193 638
194 311
194 391
194 302
194 703
194 277
194 342
194 518
195 824
195 551
195 827
195 747
195 531
195 926
195 485
195 570
195 982
196 699
196 767
196 852
196 911
196 337
196 796
197 813
197 258
197 448
197 268
197 907
197 756
197 401
197 437
197 512
198 357
198 489
198 416
198 400
198 922
198 561
198 706
198 726
199 756
199 325
199 961
199 407
199 510
200 851
200 365
200 948
200 477
200 842
200 808
200 933
201 800
201 520
201 985
201 874
201 363
202 929
202 202
202 621
202 369
202 338
202 605
202 705
203 258
203 677
203 392
203 922
203 958
203 339
203 624
204 449
204 488
204 372
204 204
204 394
204 668
204 615
204 903
204 867
205 296
205 936
205 959
205 452
205 841
205 900
205 793
205 605
206 401
206 649
206 930
206 892
206 902
206 974
206 525
206 206
206 985
206 372
206 585
206 614
206 464
207 592
207 330
207 464
207 392
207 621
207 980
207 234
207 215
208 853
208 469
208 649
208 528
208 310
208 345
208 937
208 639
209 541
209 522
209 582
209 441
209 266
209 857
209 822
209 435
209 763
209 671
209 821
210 580
210 703
210 285
210 631
210 342
211 538
211 837
211 586
212 899
212 431
212 371
212 936
212 853
212 697
212 679
212 850
212 382
213 889
213 423
213 231
213 896
213 912
214 666
214 677
214 465
214 272
214 682
215 638
215 563
215 427
215 647
215 481
215 594
215 789
215 368
216 810
216 688
216 970
216 333
216 572
216 300
216 236
216 691
216 271
216 365
216 889
216 926
216 972
216 927
217 810
217 970
217 984
217 574
217 933
217 961
217 581
217 927
217 217
217 379
217 763
217 918
217 825
217 736
217 318
217 975
217 256
217 226
218 415
218 768
218 636
218 838
218 362
218 318
218 927
219 401
219 463
219 219
219 834
219 694
219 986
219 376
219 300
219 661
219 752
219 305
219 840
219 824
219 550
219 853
219 610
219 888
220 444
220 343
220 364
220 247
220 869
220 385
221 432
221 965
221 733
221 846
221 418
221 466
222 227
222 754
222 812
222 974
222 590
222 464
222 476
222 238
223 888
223 223
223 686
223 883
223 751
224 602
224 273
224 730
224 815
224 675
224 333
224 494
224 733
225 899
225 520
225 539
225 431
225 698
225 634
225 411
225 627
225 839
226 909
226 414
226 798
226 867
226 292
226 865
226 300
226 341
226 485
226 622
226 933
226 996
226 493
227 899
227 939
227 233
227 754
228 691
228 425
228 357
228 625
228 231
228 234
229 621
229 370
229 714
229 431
229 328
229 724
229 277
229 293
230 410
230 673
230 887
230 346
230 909
230 230
230 816
230 724
230 794
230 920
231 439
231 376
231 893
231 259
231 494
232 852
232 484
232 661
232 366
232 447
232 774
233 566
233 342
233 312
233 486
233 362
233 396
233 494
233 347
233 753
234 914
234 641
234 234
234 770
234 489
234 400
234 858
234 357
234 246
234 502
234 733
234 846
234 634
234 768
234 817
234 349
234 663
234 589
234 281
234 924
234 448
235 775
235 249
235 910
235 520
235 340
236 409
236 550
236 993
236 538
236 432
236 584
236 718
237 668
237 239
237 947
237 635
237 484
238 659
238 280
238 520
238 949
239 520
239 652
239 371
239 523
239 754
239 937
239 895
239 442
239 625
240 317
240 694
240 763
240 940
241 899
241 520
241 431
241 390
241 944
241 609
241 754
241 889
241 810
242 706
242 529
242 279
242 613
242 483
242 699
242 715
242 830
242 259
242 515
243 426
243 905
243 468
243 341
243 941
243 344
244 807
244 461
244 384
244 890
244 378
244 847
244 505
244 663
244 658
245 566
245 925
245 981
245 533
245 685
245 788
245 516
246 468
246 432
246 980
246 741
246 534
246 864
246 310
247 539
247 266
247 819
247 647
247 427
247 583
248 911
248 535
248 762
248 341
248 894
248 544
248 419
248 726
248 564
249 872
249 784
249 266
250 756
250 983
250 668
250 894
250 316
250 825
250 654
251 721
251 528
251 277
252 342
252 719
252 913
252 705
252 377
252 562
252 733
253 454
253 570
253 328
253 293
253 385
253 986
253 785
254 754
254 374
254 683
254 442
254 817
255 794
255 445
255 737
255 723
255 523
255 912
255 362
255 472
255 981
255 979
256 555
256 723
256 835
256 584
256 796
257 930
257 778
257 257
257 524
257 876
257 503
257 838
257 784
257 491
258 361
258 634
258 997
258 936
258 452
258 730
258 790
258 296
258 302
258 566
258 968
258 701
258 523
259 473
259 330
259 924
259 335
259 589
259 787
260 260
260 880
260 957
260 310
260 564
261 669
261 697
261 951
261 678
262 899
262 633
262 518
262 754
262 874
262 701
262 330
262 650
262 919
262 673
263 860
263 820
263 308
263 584
263 331
263 812
263 556
263 696
263 583
263 328
264 324
264 750
264 361
264 266
264 351
264 487
265 432
265 723
265 320
265 307
265 442
265 608
266 332
266 857
266 436
266 684
266 795
266 465
266 879
266 333
266 926
266 605
267 743
267 992
267 952
267 897
267 442
268 782
268 349
268 815
268 377
268 752
268 389
268 378
268 733
268 642
269 461
269 332
269 269
269 708
269 330
269 895
269 831
270 717
270 777
270 776
270 503
270 952
270 889
270 526
270 349
270 401
270 855
270 647
271 771
271 662
271 781
271 729
271 702
271 408
272 845
272 731
272 614
272 907
272 930
272 568
273 727
273 283
273 508
273 905
273 511
273 406
274 554
274 718
274 397
274 347
274 355
274 312
274 476
274 772
275 800
275 889
275 282
275 683
275 991
275 862
275 924
275 632
275 888
276 655
276 899
276 646
276 444
276 297
276 431
276 754
277 374
277 752
277 710
277 654
277 953
277 754
277 442
278 831
278 871
278 680
278 565
278 956
278 373
278 437
279 279
279 825
279 902
279 797
279 852
279 743
280 840
280 476
280 560
280 959
280 853
280 590
281 602
281 970
281 779
281 659
281 733
281 625
282 541
282 596
282 540
282 981
282 855
282 773
282 863
283 595
283 313
283 341
283 419
283 294
283 424
283 468
283 511
283 566
283 369
284 521
284 375
284 896
284 889
284 284
284 479
284 945
284 569
284 947
284 821
284 773
285 676
285 740
285 910
285 909
285 414
286 483
286 980
286 907
286 881
286 513
286 986
286 557
286 586
287 302
287 333
287 859
287 352
287 561
287 477
287 931
288 349
288 288
288 527
288 870
288 889
288 808
288 683
288 493
289 678
289 403
289 808
289 447
289 618
289 795
290 643
290 381
290 603
290 761
290 330
290 338
291 713
291 981
291 802
291 946
291 530
291 661
291 888
292 350
292 871
292 961
292 909
292 673
292 988
292 887
292 410
292 865
292 702
292 360
292 699
293 412
293 590
294 953
294 590
294 741
294 524
295 939
295 991
295 925
295 856
295 981
295 683
295 850
295 561
295 732
295 448
295 890
295 452
295 471
296 473
296 635
296 634
296 459
296 732
296 428
296 909
297 899
297 653
297 646
297 638
297 450
297 812
297 939
297 371
298 633
298 300
298 963
298 646
298 333
298 612
299 917
299 698
299 845
299 370
299 989
299 865
300 431
300 498
300 810
300 940
300 592
300 376
300 995
300 401
300 843
300 989
300 990
300 336
300 974
301 562
301 794
301 883
301 868
301 420
301 432
301 723
301 916
301 451
301 491
302 386
302 452
302 472
302 628
302 601
302 719
302 692
302 573
302 959
303 409
303 541
303 466
303 721
303 628
303 813
304 462
304 366
304 344
304 542
304 327
304 544
304 934
304 911
304 590
304 457
305 399
305 401
305 810
305 592
305 486
305 593
305 333
305 494
306 797
306 815
306 699
306 807
306 477
306 325
306 852
306 484
306 894
307 435
307 371
307 812
307 781
307 652
307 640
307 788
308 562
308 987
308 810
308 930
308 418
308 518
308 981
308 888
308 835
309 329
309 614
309 427
309 343
309 490
309 478
310 541
310 922
310 978
310 853
310 424
311 684
311 415
311 866
311 695
311 725
311 989
311 911
311 509
312 976
312 629
312 386
312 566
312 679
312 766
313 505
313 390
313 539
313 939
313 660
313 627
313 529
313 852
314 782
314 796
314 942
314 961
315 687
315 466
315 597
315 329
315 478
315 920
315 494
315 554
315 786
315 785
316 522
316 406
316 784
316 417
316 412
317 832
317 386
317 593
317 402
317 972
317 945
318 782
318 768
318 534
318 393
318 636
318 597
318 978
318 457
319 899
319 860
319 935
319 937
319 822
319 838
319 538
319 447
319 985
319 828
320 695
320 442
321 539
321 426
321 577
321 786
321 719
321 799
321 825
321 353
321 741
321 338
321 613
321 718
321 823
321 401
321 842
321 877
321 387
322 741
322 709
322 724
322 645
322 650
323 969
323 450
323 785
323 589
323 747
324 428
324 683
324 579
324 643
324 855
325 535
325 815
325 613
325 963
325 699
325 951
325 975
325 845
325 390
325 436
325 733
325 333
326 619
326 371
326 744
326 930
326 641
326 898
326 733
326 958
327 327
327 542
327 889
327 716
327 640
328 802
328 656
328 705
328 365
328 664
328 715
328 543
328 976
328 964
328 982
328 455
328 820
328 382
329 908
329 409
329 687
329 783
329 717
329 426
329 965
329 537
329 685
329 406
330 527
330 944
330 955
330 596
330 828
330 543
330 933
331 331
331 682
331 744
331 962
331 812
331 696
332 522
332 426
332 377
332 920
332 721
332 905
332 834
332 903
333 738
333 599
333 494
333 742
333 439
333 810
333 431
333 925
333 906
333 827
334 377
334 406
334 707
334 748
335 897
335 566
335 730
335 936
335 748
335 987
335 635
335 585
336 426
336 925
336 683
336 941
336 855
336 748
336 476
336 583
337 837
337 437
337 966
338 353
338 755
338 568
338 726
338 958
339 922
339 891
339 531
339 851
339 660
339 920
339 565
339 653
339 370
340 426
340 847
340 857
340 358
340 405
341 651
341 424
341 468
341 397
341 745
341 511
341 935
341 778
341 561
342 386
342 391
342 703
342 600
342 628
342 580
342 610
342 634
342 566
342 452
342 755
342 997
342 465
342 654
342 681
342 619
342 585
342 704
342 500
342 348
342 921
342 635
342 888
342 480
343 384
343 793
343 910
343 427
343 606
343 890
343 382
343 726
343 790
344 445
344 542
344 991
344 462
344 981
344 561
344 670
344 818
344 356
344 778
344 785
344 747
344 931
345 668
345 835
345 505
346 671
346 414
346 909
346 988
347 790
347 480
347 795
347 906
347 893
348 689
348 976
348 706
348 570
348 382
349 520
349 813
349 595
349 579
349 538
349 974
349 818
350 538
350 432
350 691
351 693
351 806
351 749
351 793
351 392
351 740
351 506
351 734
352 745
352 393
352 820
352 594
352 931
353 899
353 516
353 531
354 619
354 529
354 844
354 836
354 484
354 675
354 444
355 899
355 652
355 939
355 636
355 530
355 848
355 558
355 627
355 948
356 408
356 981
356 994
356 539
356 868
356 886
356 425
357 782
357 600
357 733
357 414
358 882
358 762
358 531
358 904
358 779
359 683
359 720
359 741
359 705
359 871
360 614
360 578
360 590
360 954
360 987
360 478
361 645
361 461
361 687
361 930
362 930
362 552
362 549
362 711
363 947
363 930
363 836
363 974
363 614
363 842
364 541
364 757
364 709
364 487
365 454
365 961
366 597
366 533
366 713
366 823
366 806
366 833
367 399
367 914
367 567
367 613
368 930
368 910
368 677
368 537
368 414
369 649
369 974
369 843
369 711
369 777
369 558
369 625
370 882
370 699
370 909
371 627
371 964
371 448
371 514
371 846
371 637
372 645
372 819
372 853
372 555
372 447
373 665
373 741
373 835
373 620
373 543
373 862
373 780
373 876
373 895
374 394
374 819
374 449
374 909
374 866
374 442
374 931
375 896
375 521
375 540
375 789
375 632
376 810
376 688
376 625
377 783
377 426
377 627
377 600
378 590
378 421
378 402
379 581
379 912
379 588
380 777
380 503
380 776
380 448
380 784
380 757
381 484
381 960
381 728
382 499
382 643
382 664
382 607
382 445
382 415
382 735
383 513
383 771
383 702
383 566
383 539
383 641
384 782
384 461
384 648
384 412
384 595
384 857
384 791
385 395
385 980
385 565
386 755
386 472
386 473
386 600
386 959
386 946
386 921
386 406
386 464
386 595
386 566
386 787
386 664
387 687
387 638
387 904
387 972
387 909
388 764
388 449
388 992
388 656
388 714
388 972
389 649
389 849
389 525
389 731
389 930
389 614
389 963
389 624
389 970
389 878
389 598
389 650
390 899
390 539
390 390
390 431
391 573
391 610
391 473
391 543
391 943
392 401
392 975
392 762
392 862
392 922
392 898
392 785
393 768
393 393
393 719
394 562
394 901
394 498
394 488
394 449
394 819
394 776
394 734
394 599
394 410
394 633
395 899
395 520
395 754
395 539
395 633
395 579
395 606
396 672
396 521
396 526
396 560
396 889
396 659
397 716
397 718
397 795
397 398
397 739
397 874
398 826
398 895
398 442
399 782
399 435
399 538
399 766
399 914
399 676
400 529
400 401
400 649
400 770
400 778
400 485
400 490
401 675
401 479
401 572
401 986
401 661
401 940
401 401
401 742
401 810
401 846
401 897
401 809
401 857
401 953
401 648
401 789
402 776
402 894
402 492
402 911
402 914
402 844
402 852
402 484
403 403
403 864
403 692
403 564
404 555
404 815
404 658
404 556
404 951
404 485
404 818
404 867
405 827
405 591
405 515
405 576
406 852
406 613
406 934
406 972
407 901
407 476
407 642
407 907
408 520
408 483
408 484
408 747
409 775
409 717
409 879
409 409
409 684
409 597
409 751
409 419
409 503
409 575
409 670
409 426
409 811
409 410
410 550
410 664
410 753
411 890
411 424
411 566
411 985
411 973
411 977
411 658
411 787
411 485
412 727
412 461
413 819
413 611
413 909
413 832
413 915
414 746
414 988
414 996
414 673
414 867
414 803
414 798
414 493
414 623
414 470
414 780
414 503
414 939
414 817
414 994
414 737
414 813
414 752
414 509
415 582
415 866
415 695
415 658
415 730
415 774
415 656
415 450
416 765
416 503
416 778
416 656
416 787
416 467
416 491
416 980
416 453
416 647
417 681
417 797
417 586
417 784
417 917
417 704
417 855
417 980
417 491
417 438
418 856
418 542
418 826
418 505
418 855
419 922
419 758
419 863
419 490
420 430
421 721
421 663
421 774
421 838
421 476
421 778
422 508
422 484
422 752
422 930
422 974
422 658
422 960
422 829
423 618
423 479
423 671
423 810
423 711
423 858
423 735
424 645
424 744
424 500
424 528
424 745
425 983
425 866
425 778
425 733
425 898
425 965
425 585
425 425
425 641
425 782
425 861
425 441
425 918
425 467
426 654
426 582
426 429
426 908
426 964
426 522
426 857
426 811
426 670
426 436
426 541
426 684
426 588
426 687
426 426
426 594
426 754
426 552
426 544
426 658
426 949
426 956
426 852
427 590
427 880
427 596
427 606
427 706
427 953
427 695
427 861
427 572
427 719
427 909
428 703
428 610
428 813
428 469
428 514
428 809
429 429
429 830
429 721
429 613
430 754
430 908
430 538
430 552
430 432
430 504
430 902
430 981
431 899
431 520
431 652
431 653
431 646
431 539
431 765
431 694
431 698
431 515
431 722
431 578
431 511
432 737
432 794
432 832
432 833
432 663
432 432
432 969
432 617
432 475
432 555
432 704
432 732
432 883
432 723
432 819
432 641
432 893
432 755
432 439
432 907
432 977
432 961
432 742
432 706
432 837
432 987
432 625
433 837
433 553
433 740
433 485
433 746
434 914
434 855
434 670
434 574
435 782
435 548
435 676
435 932
435 673
435 613
435 922
436 522
436 541
436 981
436 590
437 921
437 680
437 571
437 871
437 831
437 751
437 918
437 626
438 495
438 844
438 958
439 592
439 890
439 471
439 455
439 850
439 779
440 814
440 441
440 581
440 612
440 964
441 964
441 519
441 892
441 542
441 817
442 501
442 528
442 442
442 590
442 676
442 526
442 912
442 943
443 730
443 569
443 870
443 809
443 490
444 677
444 444
444 598
444 564
444 797
444 743
444 514
445 617
445 702
445 837
445 584
445 859
445 624
445 660
446 920
446 974
446 953
446 985
446 904
447 667
447 951
447 808
447 935
447 447
447 634
447 498
447 818
447 599
447 493
447 985
448 535
448 554
448 894
449 819
449 901
449 728
449 488
449 618
449 949
449 729
449 972
449 778
450 640
450 569
450 740
450 523
451 898
451 770
451 726
451 491
452 853
452 936
452 822
452 566
452 580
452 473
452 455
453 522
453 724
453 530
453 587
453 884
453 810
453 467
453 510
454 872
454 631
454 913
454 705
454 459
454 620
454 616
454 940
454 457
454 836
455 522
455 893
456 813
456 496
456 534
456 950
456 550
456 994
456 709
456 642
457 946
457 462
457 741
457 888
458 465
458 740
458 665
458 842
459 513
459 590
460 741
460 610
460 976
460 605
460 979
461 764
461 931
461 698
462 899
462 699
462 542
462 651
462 852
462 907
463 970
463 674
463 810
463 530
463 752
463 809
463 493
464 590
464 758
464 560
464 558
464 818
464 476
464 736
465 662
465 773
465 915
465 743
466 522
466 908
466 687
466 955
466 944
466 721
466 476
467 512
467 772
467 660
467 518
467 915
468 511
468 905
468 979
468 499
469 939
469 968
469 678
469 565
469 635
469 605
469 784
470 627
470 829
470 979
470 658
470 909
471 683
471 885
471 855
472 513
472 670
472 685
472 566
472 472
472 936
472 634
472 771
472 754
472 874
473 899
473 936
473 573
473 685
473 757
473 706
473 499
473 836
473 872
473 844
473 743
474 545
474 913
474 933
474 686
474 690
474 978
475 522
475 723
475 979
475 570
475 810
476 736
476 632
476 476
476 720
476 873
476 818
476 691
476 571
476 642
476 603
477 901
477 819
477 853
477 633
477 622
478 522
478 814
478 588
479 914
479 844
479 688
479 694
479 491
479 758
480 795
480 660
481 844
481 647
482 756
482 573
482 789
482 953
482 710
482 979
482 543
482 838
483 963
483 852
484 582
484 990
484 815
484 535
484 492
484 911
484 637
484 800
484 968
484 620
484 527
485 563
485 680
485 658
485 924
485 787
486 595
486 644
486 826
486 838
487 487
487 766
487 553
487 672
488 819
488 633
488 638
489 656
489 557
489 502
489 637
490 710
490 982
490 547
490 816
490 924
490 512
491 759
491 491
491 784
491 615
491 524
491 876
491 517
491 815
491 845
491 937
491 522
491 886
492 681
492 797
492 702
492 930
492 506
492 583
492 620
493 962
493 909
493 854
493 509
493 630
494 986
494 722
494 888
494 689
494 843
494 877
495 521
495 540
495 947
495 495
495 864
495 506
495 943
495 610
496 676
497 811
497 540
497 613
497 785
498 819
498 791
498 633
499 727
499 742
499 794
499 560
499 523
500 741
500 859
500 712
500 813
500 931
500 772
501 521
501 638
501 945
501 974
501 981
502 833
502 846
502 656
502 546
502 853
502 682
502 705
502 961
503 776
503 777
503 897
504 529
504 852
504 797
504 894
504 506
505 976
505 582
506 676
506 893
506 574
507 651
507 935
507 614
507 958
507 631
508 745
508 993
509 873
510 772
510 510
511 899
511 905
511 993
511 956
511 745
511 863
511 659
511 624
511 949
511 808
511 836
511 528
512 931
512 512
512 997
513 662
513 864
513 771
513 838
514 542
514 929
514 567
514 933
515 928
516 895
516 773
516 858
517 615
517 524
517 814
517 688
517 784
517 863
518 643
518 568
518 916
518 701
519 566
519 701
519 781
519 891
520 899
520 653
520 939
520 652
520 869
520 914
520 627
520 959
520 911
520 787
521 540
521 679
521 876
521 689
522 645
522 597
522 814
522 588
522 839
522 570
523 819
523 650
523 530
523 865
524 784
524 863
524 759
524 838
525 614
525 901
525 968
525 930
525 836
525 974
525 898
526 807
526 825
526 960
526 603
527 916
527 627
527 530
528 676
528 652
528 823
528 528
528 734
528 915
529 535
529 852
529 990
529 655
529 700
529 816
530 766
530 606
530 608
531 883
531 605
531 877
531 585
532 935
532 532
532 756
532 957
532 667
532 985
533 713
533 912
533 857
533 554
533 888
534 541
534 534
534 711
535 911
535 638
535 822
535 844
535 894
535 694
535 700
535 625
536 939
536 769
536 646
536 712
537 627
537 783
537 577
537 672
538 777
538 663
538 538
538 969
538 823
538 545
538 850
538 706
538 614
539 627
539 919
539 973
540 655
540 896
540 729
540 815
540 738
541 689
541 897
541 964
541 654
541 541
541 783
541 628
541 833
541 930
541 791
542 941
542 991
542 862
542 739
542 994
542 842
542 972
542 854
543 603
543 913
543 975
544 791
544 665
544 594
544 544
544 979
544 871
544 622
545 819
545 929
545 604
545 825
546 717
546 779
546 785
546 869
546 931
547 870
547 681
548 914
548 782
548 813
548 845
548 673
549 721
549 638
549 696
549 995
549 785
551 905
551 828
551 926
552 914
552 622
552 929
553 643
553 895
553 701
554 946
554 862
554 723
554 983
554 903
554 911
555 704
555 945
555 749
555 846
556 820
556 916
557 907
557 588
558 687
558 985
559 923
559 775
559 812
560 944
560 571
560 695
561 790
562 819
562 710
562 633
562 682
562 614
563 683
564 602
564 933
564 909
565 667
565 967
565 626
565 919
566 685
566 600
566 997
566 703
566 878
566 571
566 597
566 594
566 792
567 721
568 836
568 933
569 837
570 948
570 631
571 959
571 921
571 957
572 723
572 810
572 977
572 970
572 614
572 747
573 689
573 573
573 934
573 973
573 738
574 818
574 893
574 640
575 597
575 930
575 974
575 614
576 899
576 659
576 873
577 923
577 577
577 878
577 761
578 804
578 873
578 633
578 590
579 721
579 840
579 704
580 692
580 975
580 635
581 933
581 703
581 802
582 860
582 847
582 721
582 802
583 665
583 660
583 587
583 731
584 706
584 691
584 704
584 926
584 877
584 844
584 661
584 810
585 781
585 808
585 641
585 696
585 980
585 788
586 642
586 960
586 907
586 876
586 881
587 708
587 930
587 772
588 896
588 721
588 954
589 658
589 737
589 931
590 724
590 720
590 873
590 659
590 728
590 754
590 974
590 709
591 906
591 929
591 910
591 818
592 599
592 722
592 674
592 603
592 613
592 972
593 769
593 866
594 751
594 791
595 668
595 976
595 629
595 756
595 725
595 785
595 644
595 636
595 750
596 731
596 791
597 597
597 696
597 887
597 614
598 869
598 955
598 915
598 651
599 940
599 964
600 800
600 653
600 821
600 769
601 612
601 759
602 947
602 875
602 680
602 673
603 894
603 898
604 624
604 630
604 909
604 854
604 865
605 882
605 741
605 762
605 890
605 815
606 608
606 902
607 983
607 741
607 932
607 843
607 645
608 836
608 680
608 616
608 966
609 792
609 700
610 703
610 797
611 702
611 629
611 678
611 979
612 810
612 742
612 628
613 963
613 613
613 852
613 926
613 690
614 930
614 974
614 845
614 731
614 786
614 829
614 649
614 836
614 892
614 711
614 839
614 843
614 728
614 680
614 764
614 682
614 794
614 919
615 659
615 784
616 797
616 683
616 665
616 842
617 963
618 937
618 985
618 718
619 629
619 890
619 756
619 619
619 734
619 969
619 819
620 687
620 691
620 913
620 733
621 852
621 877
621 624
622 682
622 665
622 661
623 939
623 633
623 649
623 714
623 780
624 842
624 882
624 971
625 984
625 931
626 976
626 891
626 639
627 899
627 644
627 939
627 653
627 883
627 842
627 659
627 743
627 804
628 924
628 815
628 930
629 976
629 936
630 687
630 940
630 736
630 759
631 810
631 886
632 987
632 789
632 873
632 975
632 785
632 988
633 819
633 901
633 633
633 728
633 969
633 949
633 695
634 635
635 692
635 636
635 864
635 790
635 979
636 980
637 902
637 726
637 671
637 715
638 899
638 947
639 818
640 687
641 859
641 855
641 744
641 918
641 770
641 858
641 733
642 785
643 817
643 694
644 899
644 644
644 909
645 764
645 815
646 899
646 646
646 964
647 659
647 972
647 657
647 921
648 915
648 743
649 849
649 836
649 711
649 829
649 974
650 709
651 872
651 956
652 767
652 784
653 899
653 741
653 704
653 787
654 899
654 684
654 719
654 687
655 782
655 801
655 923
655 914
655 956
655 676
655 740
655 658
656 959
656 898
656 907
657 880
657 864
657 844
658 923
658 787
658 788
658 903
658 707
658 754
659 751
659 799
659 951
661 933
662 729
662 781
662 700
662 779
663 776
663 883
663 704
663 745
663 794
663 987
664 669
664 835
664 664
664 971
664 937
664 675
664 852
664 705
665 791
665 665
667 808
667 951
668 764
668 731
668 983
668 921
669 669
669 952
669 866
670 670
670 904
671 671
671 919
672 672
674 810
674 674
674 807
674 909
675 819
675 783
675 688
676 914
676 800
676 801
676 827
676 737
676 678
676 820
677 768
677 773
677 677
677 865
677 891
677 846
678 697
678 875
678 681
678 688
678 733
679 875
679 708
679 681
679 945
680 680
680 967
680 831
680 866
681 695
681 813
681 697
682 968
682 812
682 852
682 696
682 909
683 850
683 855
683 994
684 756
684 879
684 785
685 685
685 975
686 822
686 895
686 989
686 825
687 775
687 721
687 779
688 970
688 752
689 782
689 914
689 800
689 720
690 975
691 794
691 737
692 959
692 861
692 743
692 852
693 889
693 749
693 758
693 826
693 705
694 810
695 930
696 812
696 974
696 724
696 907
697 813
697 700
698 952
699 844
700 972
701 888
701 701
702 771
702 781
702 927
703 896
703 802
705 948
705 913
705 971
706 732
706 934
707 707
707 798
707 714
708 889
708 812
709 709
711 845
711 823
712 930
713 941
713 823
713 973
713 972
713 769
714 992
715 800
715 739
716 799
717 899
717 897
717 841
718 718
719 930
719 836
720 721
720 794
720 741
720 841
721 897
721 783
721 908
721 728
721 993
722 970
722 872
723 982
724 804
724 903
725 976
725 983
725 930
726 858
726 979
726 893
727 976
727 762
727 756
727 852
727 903
728 901
728 819
728 810
728 916
729 767
729 966
729 734
730 968
731 885
732 838
733 770
733 979
733 748
734 785
734 747
735 909
735 853
736 884
736 894
736 923
736 760
736 840
737 901
737 961
738 834
739 752
739 930
739 836
740 791
740 740
741 922
741 859
741 975
741 877
741 887
741 760
742 810
743 774
743 954
743 944
743 747
743 933
744 771
744 805
745 872
745 956
745 857
745 764
745 791
746 776
746 746
747 785
747 960
747 907
747 926
748 793
748 922
749 793
749 750
749 802
750 894
750 801
753 838
753 909
754 899
754 754
754 830
754 995
755 968
756 880
757 923
759 917
759 818
759 836
760 782
760 762
760 825
760 893
761 899
761 930
762 930
762 859
763 833
763 933
765 899
765 869
765 939
765 979
765 803
766 894
766 787
767 797
767 852
767 985
768 899
770 944
770 778
771 781
771 829
772 918
773 774
774 964
774 852
774 935
775 847
775 814
776 952
776 815
776 777
777 933
777 922
777 986
777 916
778 898
778 778
778 858
778 986
778 941
778 980
778 881
778 784
779 779
779 885
779 984
779 931
780 933
781 885
782 792
782 923
782 959
782 911
783 857
783 860
783 811
783 794
784 917
784 964
785 942
785 881
785 932
785 865
785 993
786 892
786 845
786 930
786 839
787 787
787 996
788 951
788 961
788 978
789 922
790 930
790 950
790 828
790 877
791 791
791 979
792 914
793 907
794 883
794 969
794 882
794 934
794 914
794 832
794 822
794 974
795 970
796 796
796 926
796 965
797 884
797 911
797 861
797 852
798 884
798 944
798 909
799 819
801 914
802 812
802 973
802 808
803 867
803 803
803 828
803 981
804 819
804 861
805 889
805 947
805 920
805 972
805 866
806 972
807 993
809 985
809 981
809 816
810 878
810 834
810 918
810 995
812 812
812 991
812 977
813 826
813 891
814 824
814 836
814 917
815 911
816 924
817 933
817 961
818 893
819 901
819 839
820 948
821 829
822 959
822 996
823 944
826 925
827 923
827 984
829 930
829 840
829 829
829 853
829 846
831 893
833 987
834 861
836 930
836 845
836 987
837 987
837 985
838 857
838 956
838 948
838 874
838 913
838 891
839 974
839 926
840 974
842 933
843 930
843 942
843 974
844 963
844 894
844 905
844 974
844 910
845 974
846 898
847 897
848 903
848 909
849 930
849 974
851 889
851 953
851 877
852 894
852 852
852 963
852 938
852 987
852 985
852 979
853 901
853 926
854 956
855 890
855 896
859 946
859 922
859 975
859 891
859 920
860 860
861 989
863 955
864 914
865 909
866 935
867 985
868 898
868 928
869 875
869 964
869 995
870 988
872 900
873 890
875 892
878 940
879 942
881 960
881 890
883 895
884 963
884 921
885 931
886 961
887 968
887 909
888 994
888 925
888 989
889 896
889 920
890 976
892 930
893 927
893 899
894 932
894 950
895 916
895 955
895 944
896 947
896 950
896 898
897 908
898 980
899 939
899 899
899 986
900 955
900 975
900 931
905 956
907 942
907 928
909 996
909 988
909 983
911 943
911 947
912 957
912 988
913 992
913 948
914 923
914 984
914 951
916 944
917 917
919 940
919 919
920 950
922 922
922 984
926 926
927 950
929 955
930 930
930 974
930 931
931 931
931 961
933 933
933 989
934 989
935 937
935 985
937 985
938 943
938 949
940 941
941 946
941 994
946 977
947 967
950 985
951 985
955 970
961 962
966 985
971 985
972 992
974 989
974 983
986 988
