0 219
0 163
0 387
0 194
0 547
0 164
0 426
0 762
0 135
0 716
1 216
1 157
1 499
1 788
1 616
1 793
1 942
1 588
1 850
1 723
1 795
1 17
2 277
2 506
2 275
2 681
2 549
2 946
2 935
2 341
2 772
2 223
2 2
2 567
2 988
2 972
2 915
2 70
2 309
2 69
2 602
2 764
2 951
2 766
2 474
2 753
2 112
2 271
2 350
2 88
2 545
2 326
2 773
2 65
2 415
2 526
2 807
3 43
3 605
3 660
3 495
3 871
3 683
3 216
3 894
3 837
3 99
3 762
3 94
3 764
4 771
4 341
4 320
4 490
4 469
4 650
4 982
4 57
4 144
5 272
5 78
5 50
5 284
5 177
5 924
5 401
5 76
5 683
5 906
5 433
5 420
6 140
6 149
6 178
6 181
6 166
6 425
6 575
6 95
7 7
7 574
7 234
7 350
7 34
7 852
7 679
7 295
7 453
7 735
7 491
8 692
8 58
8 790
8 794
8 821
8 564
8 134
9 571
9 785
9 455
9 886
9 861
9 286
9 638
9 963
10 534
10 73
10 643
10 176
10 983
10 54
10 970
10 496
11 824
11 522
11 838
11 370
11 92
11 677
11 132
12 414
12 301
12 494
12 498
12 815
12 729
12 573
12 120
13 631
13 351
13 308
13 455
13 762
13 174
13 38
13 90
13 323
13 434
13 144
14 391
14 485
14 465
14 289
14 723
14 906
14 944
14 577
15 726
15 819
15 993
15 794
15 964
15 342
15 19
15 433
16 129
16 876
16 494
16 238
16 911
16 328
16 786
16 991
16 79
16 526
16 502
16 120
17 574
17 901
17 246
17 833
17 153
17 79
17 62
17 456
18 875
18 823
18 248
18 766
18 709
18 114
18 397
18 416
18 67
19 940
19 417
19 225
19 433
19 727
19 441
19 594
19 820
19 346
19 459
19 862
19 410
19 821
19 654
19 645
19 890
19 655
19 881
19 507
19 767
20 447
20 966
20 892
20 20
20 873
20 245
20 417
21 475
21 604
21 936
21 947
21 596
21 221
21 749
21 524
21 416
21 767
22 410
22 748
22 753
22 830
22 517
22 421
22 101
22 199
23 889
23 683
23 151
23 93
23 469
23 770
23 637
23 365
23 35
23 451
24 27
24 408
24 402
24 260
24 674
24 239
24 463
25 847
25 25
25 400
25 316
25 582
25 340
25 132
25 416
26 732
26 30
26 656
26 644
26 74
26 522
26 130
27 755
27 155
27 542
27 165
27 57
27 580
27 676
27 899
28 521
28 754
28 540
28 877
28 679
28 270
28 459
28 378
28 481
28 204
28 224
28 354
28 774
28 156
28 759
28 311
29 758
29 479
29 310
29 639
29 165
29 896
29 786
29 120
30 939
30 53
30 966
30 132
30 861
30 343
31 992
31 107
31 843
31 202
31 477
31 830
31 53
31 949
31 100
31 808
31 133
32 503
32 837
32 636
32 747
32 382
33 648
33 895
33 153
33 835
33 478
33 982
33 207
34 790
34 797
34 35
34 953
34 504
34 67
34 806
34 571
34 70
34 793
34 798
34 899
35 790
35 150
35 922
35 797
35 671
35 952
35 53
35 947
35 568
35 862
35 273
36 313
36 460
36 442
36 272
36 347
36 36
36 456
36 262
36 494
36 873
36 607
36 845
37 517
37 816
37 724
37 431
37 924
37 142
37 896
37 764
38 569
38 670
38 366
38 391
38 327
38 992
38 553
38 456
39 758
39 829
39 753
39 107
39 392
39 260
39 396
40 846
40 366
40 518
40 678
40 363
40 217
41 518
41 311
41 690
41 675
41 110
41 90
41 753
42 903
42 785
42 882
42 919
42 292
42 438
42 851
42 117
42 534
42 430
42 270
42 374
42 518
43 58
43 574
43 286
43 56
44 218
44 771
44 834
44 287
44 925
44 128
44 83
44 996
44 762
44 437
44 786
45 700
45 794
45 89
45 101
45 676
45 688
45 597
45 327
45 587
45 693
45 120
46 354
46 383
46 940
46 55
46 424
46 612
46 853
46 565
46 794
46 632
46 371
47 910
47 849
47 450
47 547
47 347
47 964
47 513
47 425
48 259
48 806
48 126
48 337
48 157
49 688
49 536
49 747
49 927
49 660
49 957
49 846
50 662
50 816
50 819
50 462
50 906
50 174
50 948
50 703
50 124
50 95
51 649
51 468
51 670
51 230
51 356
51 461
52 910
52 771
52 917
52 907
52 392
52 967
52 941
52 825
52 646
52 963
53 790
53 808
53 407
53 180
53 922
53 349
53 680
53 544
53 581
53 327
53 934
53 514
53 388
53 678
53 684
53 432
53 420
53 443
53 931
53 210
53 371
54 318
54 312
54 724
54 527
54 159
54 859
54 835
54 960
54 579
54 384
55 313
55 729
55 167
55 543
55 704
55 899
55 89
55 684
56 720
56 605
56 109
56 200
56 978
56 257
56 408
56 786
56 690
57 801
57 326
57 580
57 274
57 465
57 566
57 295
57 660
57 636
57 249
58 292
58 692
58 936
58 830
58 404
58 146
58 677
58 699
58 741
59 352
59 533
59 183
59 319
59 969
59 86
59 659
59 708
59 140
59 671
59 573
59 207
60 119
60 926
60 227
60 233
60 183
60 492
60 577
60 558
60 82
61 922
61 216
61 449
61 899
61 854
61 128
61 477
61 246
61 953
61 893
61 655
61 754
61 371
61 456
62 415
62 479
62 522
62 786
62 670
62 292
62 796
63 302
63 978
63 169
63 653
63 904
63 81
63 485
63 379
63 636
64 689
64 255
64 725
64 919
64 723
64 416
64 575
64 882
64 140
64 262
65 569
65 604
65 266
65 350
65 751
65 370
65 523
65 376
65 777
66 230
66 452
66 323
66 646
66 701
66 199
66 371
67 144
67 444
67 636
67 456
67 991
68 288
68 789
68 71
68 363
68 160
68 803
68 68
68 571
68 452
68 409
68 846
68 283
68 446
68 957
68 816
68 337
68 688
68 119
68 152
68 626
68 612
68 475
68 792
68 297
68 437
68 717
68 469
68 802
68 439
68 794
68 610
68 388
68 921
68 493
68 192
68 923
68 224
68 858
68 551
68 372
68 112
69 167
69 520
69 155
69 714
69 858
69 768
69 147
69 456
70 781
70 773
70 782
70 121
70 990
70 728
70 744
70 598
70 976
70 643
71 409
71 170
71 528
71 388
71 846
71 869
71 119
72 100
72 72
72 929
72 382
72 313
72 192
72 106
72 129
73 583
73 556
73 712
73 188
73 251
73 911
74 937
74 380
74 965
74 661
74 511
74 157
74 813
74 461
74 205
75 395
75 795
75 171
75 413
75 669
75 93
75 939
75 95
76 157
76 937
76 512
76 791
76 952
76 996
76 548
76 433
77 790
77 922
77 808
77 939
77 265
77 987
77 391
77 646
77 364
77 125
78 341
78 812
78 620
78 527
78 155
78 965
78 622
78 633
79 292
79 189
79 642
79 262
79 995
79 335
79 994
80 800
80 281
80 501
80 513
80 776
80 528
80 641
80 474
80 839
80 326
80 402
80 159
80 447
80 360
80 648
80 995
80 194
80 660
80 482
80 371
80 675
81 790
81 460
81 841
81 219
81 328
81 778
81 698
81 921
81 488
81 377
81 965
81 195
81 127
81 277
81 972
81 821
81 711
81 413
81 361
81 432
81 449
81 251
82 277
82 479
82 938
82 918
82 895
82 777
82 632
83 214
83 432
83 449
83 246
83 644
84 180
84 277
84 729
84 100
84 438
84 84
84 380
84 692
84 317
84 660
84 433
84 129
84 456
85 925
85 641
85 646
85 274
85 501
85 629
85 351
85 793
85 811
86 894
86 839
86 474
86 525
86 313
86 371
87 415
87 387
87 89
87 288
87 809
87 632
88 370
88 155
88 955
88 897
88 687
89 720
89 587
89 611
89 230
89 310
89 101
89 844
89 730
89 389
89 899
90 907
90 812
90 596
90 201
90 120
91 881
91 516
91 942
91 577
91 961
91 463
91 297
91 546
91 819
91 554
91 398
91 166
91 695
91 357
92 235
92 529
92 178
92 707
92 477
92 202
92 987
92 657
92 995
92 649
92 760
92 963
92 595
92 722
92 111
93 790
93 915
93 839
93 783
93 580
93 634
93 572
94 185
94 235
94 973
94 346
94 622
94 462
94 502
94 411
95 251
95 768
95 779
95 664
95 865
95 979
95 635
95 692
95 327
95 826
95 786
96 910
96 560
96 592
96 246
96 933
96 957
97 377
97 416
97 104
97 765
97 604
97 869
97 282
97 635
97 195
97 991
98 650
98 233
98 579
98 695
98 476
98 761
99 426
99 660
99 221
99 219
99 777
99 622
99 432
99 142
99 241
100 296
100 800
100 427
100 121
100 886
100 865
101 421
101 395
101 358
101 748
101 101
101 615
101 794
101 696
101 929
101 347
101 611
101 976
101 289
101 547
101 669
101 112
101 534
101 420
101 281
101 424
101 688
101 739
101 561
101 291
101 798
101 853
101 580
101 938
101 759
102 427
102 146
102 923
102 724
102 431
102 439
102 925
102 216
102 975
102 875
102 490
102 639
103 574
103 522
103 982
103 462
103 411
103 956
103 303
103 881
103 501
103 274
103 473
103 822
103 678
104 138
104 448
104 765
104 379
104 981
104 652
104 767
104 211
105 869
105 408
105 822
105 427
105 324
105 463
105 496
106 604
106 400
106 133
106 522
106 732
106 171
107 849
107 793
107 296
107 222
108 328
108 392
108 207
108 517
108 531
108 286
108 914
108 416
109 235
109 710
109 201
109 868
109 124
109 745
109 572
110 569
110 939
110 285
110 656
110 255
110 377
111 240
111 299
111 553
111 707
112 882
112 542
112 669
112 416
112 448
112 172
112 786
112 371
113 846
113 661
113 304
113 353
113 285
113 633
113 338
113 386
114 910
114 324
114 389
114 118
114 507
114 122
114 809
114 579
114 339
114 266
114 768
114 141
114 469
115 138
115 297
115 967
115 423
115 662
115 177
115 432
115 712
116 624
116 411
116 906
116 992
116 272
116 699
116 594
116 330
117 692
117 917
117 913
117 452
117 793
117 705
117 541
118 645
118 335
118 753
118 977
118 958
119 409
119 479
119 356
119 410
119 803
119 337
119 787
119 704
119 434
119 600
119 221
119 738
119 945
119 740
120 915
120 402
120 707
120 878
120 502
120 811
120 777
120 498
120 572
120 652
120 273
120 301
120 494
120 355
120 812
120 675
120 252
120 227
120 204
120 683
120 994
120 418
120 475
120 934
120 772
120 461
120 964
120 353
121 300
121 653
121 352
121 784
122 485
122 152
122 338
122 786
122 241
123 677
123 232
123 717
123 940
123 756
124 633
124 201
124 308
124 616
124 553
125 302
125 859
125 333
125 130
125 828
125 260
125 378
125 784
125 466
125 132
125 235
125 385
125 939
125 543
125 901
126 567
126 648
126 932
126 436
126 258
126 512
126 672
126 403
127 517
127 907
127 235
127 345
127 598
127 173
127 813
127 473
127 279
127 579
127 787
128 728
128 877
128 512
128 863
128 786
128 963
128 199
128 371
128 874
129 797
129 893
129 308
129 443
129 165
129 769
129 518
129 572
129 305
129 900
129 822
129 496
129 311
130 754
130 658
130 799
130 828
130 805
130 471
130 822
130 368
130 327
130 480
130 577
130 579
130 215
130 310
130 986
131 407
131 751
131 593
131 275
131 487
131 421
131 968
131 408
132 842
132 179
132 398
132 710
132 633
132 654
132 156
132 285
132 944
132 418
133 797
133 160
133 401
133 630
133 893
133 780
133 819
133 564
133 850
133 558
133 333
134 598
134 394
134 872
134 995
134 551
134 845
135 524
135 465
135 864
135 257
135 142
135 944
136 852
136 224
136 621
136 981
136 760
136 934
136 558
137 848
137 583
137 394
137 267
137 337
137 615
137 177
137 835
137 553
138 582
138 752
138 466
138 556
138 256
138 658
138 819
138 583
138 426
138 762
138 209
139 625
139 775
139 811
139 882
139 276
140 333
140 140
140 461
140 246
140 952
140 694
140 425
141 510
141 496
141 779
141 413
141 795
141 559
141 593
141 927
141 701
141 248
141 967
141 430
141 693
142 901
142 510
142 465
142 172
142 421
142 944
143 905
143 957
143 746
143 596
143 370
143 211
143 243
143 882
143 212
143 261
143 878
144 521
144 518
144 825
144 684
144 440
144 493
144 916
144 809
144 828
144 352
144 477
144 553
144 955
145 943
145 532
145 931
145 745
145 539
145 991
146 292
146 915
146 534
146 996
146 637
146 666
146 833
146 515
146 578
146 301
146 677
146 280
147 479
147 612
147 162
147 418
148 902
148 280
148 642
148 225
148 666
148 545
148 790
148 665
148 355
149 350
149 227
149 483
149 911
149 938
149 730
149 360
150 224
150 544
150 180
150 299
150 378
150 689
150 895
150 388
150 939
150 445
150 716
151 476
151 862
151 282
151 681
151 736
151 326
151 979
152 266
152 915
152 341
152 536
152 746
152 719
152 479
152 204
152 934
152 961
152 303
152 192
153 790
153 788
153 393
153 795
153 832
153 676
153 579
153 327
153 448
154 306
154 794
154 331
154 284
154 723
154 568
154 183
155 288
155 933
155 527
155 155
155 661
155 821
155 639
155 777
155 484
155 634
155 240
155 417
155 757
155 614
156 275
156 773
156 651
156 855
157 644
157 187
157 456
157 863
157 508
157 243
158 682
158 663
158 792
158 786
158 509
159 940
159 460
159 170
159 776
159 614
159 662
159 994
159 289
160 584
160 160
160 363
160 803
160 479
160 523
160 178
160 733
160 313
160 496
160 587
160 434
160 786
161 236
161 302
161 789
161 649
161 966
161 570
161 659
161 767
161 786
162 549
162 666
162 829
162 563
162 317
162 920
162 364
162 338
163 257
163 926
163 793
163 499
163 762
163 397
163 199
164 409
164 381
164 321
164 175
164 763
165 442
165 596
165 304
165 496
165 559
166 320
166 291
166 166
166 714
166 429
166 725
166 561
167 953
167 181
167 167
167 555
167 621
167 545
167 507
167 958
167 504
167 456
168 851
168 446
168 846
168 677
168 398
168 386
168 276
168 428
168 515
168 989
168 609
168 589
169 806
169 915
169 917
169 567
169 415
169 656
169 261
169 262
169 697
169 634
169 235
169 270
170 224
170 409
170 840
170 826
170 908
170 312
170 576
171 742
171 834
171 583
171 768
171 613
171 443
171 974
171 497
171 971
172 179
172 789
172 871
172 934
172 811
172 975
173 354
173 556
173 715
173 443
173 323
173 579
174 841
174 306
174 208
174 883
174 326
174 804
174 834
174 328
174 361
174 462
174 501
174 794
174 657
174 541
175 468
175 315
175 263
175 341
175 262
175 828
176 266
176 915
176 549
176 953
176 509
176 295
176 218
176 235
176 513
177 438
177 677
177 410
177 697
177 883
177 687
178 755
178 264
178 844
178 817
178 851
178 693
178 576
179 382
179 179
179 208
179 983
179 690
180 808
180 671
180 680
180 884
180 918
180 921
180 460
180 846
180 270
180 246
180 609
181 506
181 532
181 406
181 348
181 634
182 692
182 689
182 263
182 552
182 407
182 702
182 579
182 569
182 762
183 727
183 412
183 793
183 958
183 402
183 991
184 875
184 772
184 442
184 274
184 807
184 550
184 234
185 734
185 939
185 190
185 682
185 289
186 624
186 320
186 198
186 774
186 294
186 665
186 303
187 521
187 910
187 340
187 530
187 579
187 594
188 953
188 388
188 907
188 888
188 611
188 281
188 484
188 758
188 198
188 548
188 247
188 396
188 971
189 645
189 278
189 771
189 728
189 466
189 243
189 713
189 951
190 479
190 548
190 247
190 622
190 995
190 918
190 636
191 348
191 346
191 191
191 736
191 400
191 846
191 448
192 539
192 687
192 610
192 400
192 670
192 362
193 910
193 547
193 439
193 924
193 321
193 978
193 218
193 604
193 915
193 657
194 230
194 834
194 787
194 729
194 634
195 654
195 616
195 617
195 798
195 241
195 197
196 645
196 913
196 881
196 761
196 862
196 899
196 786
196 585
196 469
197 705
197 934
197 942
197 449
197 618
198 806
198 264
198 591
198 975
198 652
198 522
199 412
199 913
199 229
199 740
199 576
199 898
199 601
199 378
199 943
199 535
199 669
199 300
199 312
200 276
200 484
200 205
200 233
200 629
200 765
200 862
201 633
201 314
201 763
201 844
201 867
202 578
202 807
202 471
202 522
202 570
202 222
203 851
203 236
203 516
203 435
203 882
203 991
204 783
204 751
204 749
204 333
204 383
204 593
204 602
204 483
205 266
205 341
205 602
205 775
205 538
205 639
205 507
205 862
206 519
206 425
206 206
206 938
206 974
206 688
206 606
206 666
206 831
206 730
207 603
207 819
207 428
207 947
207 304
207 633
207 314
208 224
208 235
208 698
208 460
208 445
208 824
208 631
208 675
208 638
208 440
208 871
208 250
208 405
208 533
208 252
208 442
208 760
208 926
209 786
209 896
209 470
209 610
209 542
209 738
210 748
210 837
210 636
210 786
210 743
210 509
210 364
210 876
210 371
211 295
211 601
211 364
211 744
211 786
211 963
211 888
212 393
212 280
212 539
212 710
213 797
213 391
213 522
213 913
213 462
213 982
213 501
213 375
213 882
214 224
214 561
214 654
214 258
214 511
215 218
215 409
215 913
215 666
215 670
215 677
215 425
216 943
216 623
216 218
216 249
216 695
216 806
216 254
216 604
216 326
216 229
216 482
216 454
217 283
217 846
217 719
217 827
217 782
217 358
217 479
217 869
217 336
217 371
217 456
218 720
218 980
218 910
218 623
218 244
218 302
218 604
218 739
218 218
218 750
218 353
218 267
218 287
218 673
218 940
218 890
218 629
218 592
218 571
218 426
218 909
219 263
219 921
219 834
219 281
219 565
219 306
219 445
219 711
219 860
219 735
219 689
219 528
219 633
219 877
219 346
219 371
220 426
220 746
220 689
220 742
220 590
220 762
220 464
220 942
221 754
221 581
221 726
221 389
221 476
221 523
221 989
221 958
221 483
221 777
222 915
222 707
222 284
222 267
222 622
222 741
223 341
223 507
223 249
223 307
223 320
223 776
224 584
224 848
224 742
224 503
224 877
224 734
224 732
224 492
224 224
224 679
224 894
224 300
224 970
224 272
224 581
224 888
224 447
224 616
224 851
224 736
224 583
224 926
224 798
225 692
225 920
225 607
225 406
225 958
225 534
225 376
226 583
226 239
226 344
226 571
226 828
226 329
227 462
227 793
227 942
227 828
227 359
228 790
228 412
228 276
228 353
228 744
228 751
228 821
228 639
228 317
229 263
229 720
229 677
230 475
230 604
230 623
230 893
231 353
231 408
231 422
231 443
231 405
231 496
232 666
232 677
232 571
232 466
232 434
232 850
232 764
233 817
233 917
233 332
233 468
233 624
233 896
233 378
233 470
234 832
234 528
234 428
234 640
234 422
234 735
234 489
234 483
235 645
235 388
235 915
235 917
235 269
235 935
235 268
235 972
235 681
235 946
235 781
235 472
235 689
235 284
235 738
235 654
235 876
235 529
235 798
236 569
236 852
236 971
236 383
236 620
236 590
236 639
237 888
237 620
237 602
237 359
237 812
237 274
237 507
237 416
238 618
238 537
238 809
238 811
238 553
238 440
239 390
239 426
239 746
239 443
239 264
240 519
240 353
240 436
240 932
240 840
240 722
240 305
240 500
241 739
241 264
241 525
241 262
241 429
241 826
242 353
242 621
242 446
242 315
242 392
242 340
242 522
242 622
242 856
243 813
243 487
243 314
243 382
243 337
244 544
244 475
244 604
244 268
244 686
244 884
244 326
244 426
244 592
245 900
245 679
245 513
245 538
245 326
245 491
245 443
246 978
246 257
246 934
246 942
246 902
246 258
246 531
247 961
247 477
247 680
247 636
248 641
248 897
248 607
248 798
248 319
248 588
248 739
248 719
248 627
248 363
248 767
248 311
249 910
249 547
249 302
249 560
249 978
249 743
249 940
249 466
250 815
250 593
250 396
250 550
250 377
250 766
251 606
251 630
251 594
251 575
251 410
251 520
251 369
252 834
252 499
252 901
252 840
252 882
252 934
253 800
253 709
253 430
253 516
253 949
253 617
253 975
254 834
254 782
254 636
254 937
254 976
254 546
254 415
255 519
255 895
255 932
255 258
255 666
256 305
256 498
256 887
256 682
256 522
256 913
256 982
256 933
256 360
256 707
257 923
257 660
257 604
257 727
257 426
257 762
257 867
257 723
257 786
257 856
258 720
258 582
258 333
258 426
258 347
258 473
259 734
259 259
259 608
259 604
259 778
259 968
259 724
260 326
260 657
260 633
260 692
261 893
261 745
261 836
261 459
261 862
261 486
261 483
261 310
261 976
261 264
261 854
261 919
261 643
261 415
261 595
262 717
262 482
262 397
262 282
262 537
262 441
262 974
263 689
263 552
263 912
263 692
263 569
263 574
263 846
264 834
264 846
264 291
264 286
264 592
264 608
264 589
265 438
265 710
265 744
265 861
265 416
266 988
266 341
266 667
266 953
266 907
266 656
266 925
266 549
266 332
266 853
266 695
266 873
266 819
266 511
266 576
266 915
266 917
266 603
266 460
266 810
266 455
266 786
267 412
267 978
267 725
267 291
267 456
268 391
268 549
268 644
268 403
268 733
268 915
269 506
269 718
269 589
269 726
269 460
269 915
270 436
270 432
270 342
270 950
270 761
271 877
271 547
271 410
271 859
271 274
271 473
271 496
272 910
272 993
272 520
272 688
272 694
272 431
272 371
273 755
273 644
273 923
273 355
273 530
273 656
274 838
274 944
274 786
275 742
275 915
275 935
275 744
275 548
275 396
275 917
275 415
275 595
276 625
276 276
276 679
276 529
276 666
276 677
277 557
277 423
277 709
277 445
277 702
277 485
277 906
277 435
277 310
277 371
278 915
278 557
278 988
278 681
278 700
278 652
278 636
278 439
278 401
279 582
279 299
279 294
279 659
279 615
279 744
279 889
279 298
280 458
280 909
280 531
280 753
280 368
281 653
281 307
281 776
281 365
281 698
281 912
281 309
281 942
281 617
281 384
282 790
282 677
282 467
282 537
283 356
283 803
283 924
283 777
283 498
283 957
283 479
283 923
283 588
283 486
284 654
284 471
284 930
284 762
284 428
284 371
285 792
285 646
285 629
285 447
285 473
285 676
285 750
285 553
286 356
286 794
286 535
286 618
286 567
286 539
286 425
286 579
286 992
286 831
287 903
287 931
287 606
287 924
287 534
287 619
287 326
287 677
287 944
287 314
288 400
288 361
288 749
288 520
288 846
288 335
288 479
289 695
289 836
289 971
289 907
289 845
289 414
289 589
289 777
290 375
290 614
290 516
290 832
290 796
290 312
290 942
290 961
290 343
290 368
291 363
291 451
291 650
291 591
291 685
291 366
291 897
291 518
292 292
292 692
292 636
292 815
292 306
292 904
293 734
293 603
293 660
293 535
293 825
294 846
294 426
294 321
294 505
294 537
294 723
294 914
295 519
295 400
295 350
295 842
296 604
296 522
296 639
296 368
297 415
297 746
297 398
297 681
297 631
297 675
298 651
298 373
298 716
298 561
299 943
299 990
299 866
299 697
299 844
300 679
300 754
300 619
300 467
300 755
300 370
301 651
301 777
301 543
301 456
302 910
302 604
302 743
302 869
302 402
303 762
303 602
303 523
303 610
303 640
303 660
303 462
303 796
303 844
303 976
304 427
304 719
304 982
304 699
304 942
304 723
305 900
305 521
305 540
305 492
305 693
305 518
305 488
305 734
305 633
305 588
305 359
305 736
306 506
306 488
306 485
306 965
306 834
306 328
306 846
306 883
307 521
307 939
307 725
307 913
307 315
308 354
308 743
308 542
308 609
308 755
308 761
308 771
308 977
308 342
308 663
309 569
309 545
309 432
309 431
309 324
309 721
309 602
309 663
310 435
310 993
310 403
311 518
311 440
311 975
311 597
311 825
311 366
311 534
311 693
311 866
312 980
312 513
312 374
313 532
313 577
313 454
313 940
313 934
313 961
313 716
313 786
314 939
315 863
315 994
315 525
315 949
315 460
315 501
315 387
315 836
315 730
315 992
316 915
316 357
316 843
316 911
317 552
317 388
317 326
317 941
317 736
317 781
317 597
317 371
318 680
318 604
318 774
318 478
318 530
318 748
318 973
318 374
318 425
318 572
319 921
319 485
319 782
319 329
319 807
319 786
320 356
320 812
320 451
320 871
320 965
320 698
320 429
320 329
320 625
320 927
320 748
320 431
320 775
320 865
320 444
321 748
321 546
321 986
321 723
321 518
322 475
322 904
322 421
322 570
322 379
322 839
323 479
323 721
323 932
323 847
323 464
323 371
324 914
324 463
324 987
324 647
325 673
325 522
325 697
325 458
325 435
325 537
325 854
326 565
326 773
326 326
326 513
326 612
326 616
326 416
326 553
327 980
327 522
328 460
328 921
328 967
328 600
328 759
328 582
328 735
329 427
329 758
329 636
329 926
329 577
329 432
329 829
329 536
329 915
329 975
330 988
330 617
330 831
330 967
330 991
331 677
331 342
331 602
331 994
331 398
332 907
332 935
332 490
332 593
332 493
333 720
333 823
333 426
333 716
333 629
333 338
333 956
333 885
333 821
333 457
333 884
333 873
333 818
333 525
333 657
333 627
333 916
333 644
333 886
333 594
333 572
334 521
334 538
334 528
334 640
334 890
334 662
334 989
334 617
335 411
335 392
335 869
335 538
335 938
335 456
336 650
336 425
336 635
336 733
337 585
337 626
337 409
337 509
337 895
337 462
337 677
337 844
337 486
337 738
338 915
338 465
338 663
338 621
338 424
339 917
339 823
339 649
339 622
339 364
339 711
339 973
340 692
340 556
340 560
340 651
341 915
341 935
341 972
341 517
341 907
341 823
341 630
341 708
341 851
341 937
341 978
341 468
341 696
341 955
342 344
342 948
342 659
342 416
342 991
343 638
343 386
343 647
344 475
344 661
344 600
344 885
344 830
345 460
345 533
345 970
345 881
345 685
346 691
346 947
346 970
346 973
346 733
346 776
346 510
346 835
346 552
346 576
347 451
347 794
347 828
348 644
348 426
348 904
348 499
348 358
348 480
348 597
348 934
348 554
349 404
349 790
349 922
349 808
349 623
349 448
349 624
350 980
350 993
350 722
351 602
351 770
351 509
351 733
351 729
352 513
352 776
352 839
352 745
352 934
352 888
352 422
353 895
353 408
353 524
353 749
353 636
353 422
354 875
354 540
354 521
354 848
354 877
354 411
354 700
354 939
354 586
355 782
355 746
355 919
355 517
355 973
355 503
355 777
356 688
356 356
356 812
356 657
356 389
356 476
357 801
357 604
357 642
357 992
357 550
357 855
357 828
357 986
357 502
358 677
358 533
358 968
358 579
359 924
359 552
359 761
360 941
360 433
360 973
360 630
360 831
360 402
360 666
360 932
360 840
360 884
360 572
360 722
361 485
361 889
361 758
361 897
361 708
362 989
362 362
362 465
362 475
363 846
363 458
363 959
363 898
364 698
364 942
364 435
364 676
365 910
365 887
365 479
365 543
365 899
365 786
365 870
365 371
366 666
366 785
366 759
366 777
366 366
366 848
366 658
366 382
366 922
366 540
366 456
367 781
367 819
367 442
367 582
367 701
367 437
368 368
368 444
368 553
368 866
368 468
368 960
369 783
369 970
369 499
369 373
369 558
369 507
370 903
370 643
370 598
370 537
370 590
370 775
371 957
371 736
371 856
371 480
371 371
371 962
371 899
371 963
371 870
371 470
371 576
371 738
371 845
371 835
371 988
371 848
371 428
371 691
371 707
371 459
371 781
371 836
372 915
372 819
372 430
372 882
372 703
373 751
373 700
373 773
373 490
374 762
374 931
374 807
375 485
375 520
375 862
375 745
375 470
376 558
376 472
376 802
376 653
376 729
376 890
376 651
377 846
377 672
377 394
377 669
377 863
377 865
377 815
378 428
378 513
378 639
379 604
379 651
379 892
379 805
379 551
379 579
379 550
380 797
380 644
380 813
380 520
380 773
380 844
380 708
381 497
381 522
381 462
381 635
381 642
381 947
381 512
381 938
381 787
382 907
382 905
382 395
382 834
382 583
382 508
382 449
382 973
382 870
383 734
383 450
383 604
383 739
383 919
383 962
383 677
383 476
383 386
384 567
384 612
384 704
384 807
385 938
385 769
385 874
385 720
385 827
385 857
385 911
385 502
386 496
387 895
387 471
387 850
387 923
387 426
387 746
387 639
387 985
388 600
388 729
388 583
388 880
389 516
389 820
389 727
389 764
389 419
389 834
389 884
389 484
389 908
390 746
390 495
390 701
390 455
390 867
390 559
391 603
391 656
391 972
391 969
391 986
391 915
391 636
392 839
392 607
392 913
392 468
392 777
393 519
393 414
393 792
393 947
393 473
393 579
393 416
393 423
394 691
394 976
394 416
395 692
395 929
395 742
395 778
395 794
395 421
395 748
395 537
396 790
396 408
396 583
397 680
397 827
397 428
397 511
397 868
397 618
398 462
398 539
398 909
398 690
398 980
398 951
398 788
398 947
398 633
399 883
399 713
399 416
399 448
399 534
399 424
399 843
400 506
400 436
400 472
400 932
400 846
400 773
400 495
400 786
401 774
401 714
401 900
401 420
401 421
402 421
402 861
402 408
402 496
403 775
403 672
403 862
403 416
404 544
404 491
404 682
404 790
404 603
404 528
405 573
405 583
405 983
405 786
405 628
405 558
406 762
406 414
406 712
406 412
406 710
406 736
407 790
407 808
407 987
407 471
407 451
408 842
408 409
408 422
408 408
408 916
408 496
408 805
408 603
408 959
408 930
408 733
408 543
408 804
408 595
408 791
408 622
408 894
408 929
409 479
409 911
409 860
409 410
409 685
410 653
410 411
410 626
410 948
410 616
410 479
410 576
411 704
411 841
411 571
411 846
411 478
411 792
412 817
412 450
412 604
412 424
413 834
413 520
413 600
414 794
414 961
415 846
415 453
415 651
416 732
416 481
416 766
416 765
416 448
416 750
416 791
416 497
416 530
416 762
416 713
416 802
416 780
416 490
416 953
416 968
416 442
416 899
417 458
417 683
417 850
418 922
418 636
418 612
418 428
418 588
418 476
418 870
419 427
419 774
419 982
419 860
420 666
420 741
420 435
420 908
421 937
421 976
421 929
421 615
421 556
421 609
421 948
421 992
422 464
422 422
422 822
422 799
422 966
422 884
422 522
422 676
422 496
423 974
423 423
423 504
424 594
425 479
425 730
425 951
425 659
425 938
425 898
425 895
425 674
425 884
425 584
425 579
426 426
426 622
426 746
426 495
426 705
426 505
426 923
426 762
426 509
426 945
426 858
426 845
426 659
426 682
426 848
426 600
426 502
426 437
426 618
426 447
426 808
426 683
426 654
427 801
427 552
427 427
427 682
427 852
427 560
427 650
427 844
427 507
427 872
428 909
428 542
428 884
428 686
428 867
428 835
428 879
428 943
428 898
428 467
428 530
428 738
429 790
429 671
429 604
429 441
429 489
429 817
430 919
430 703
430 654
430 728
430 786
430 837
430 711
431 439
431 954
431 431
431 967
431 589
431 435
431 452
431 685
432 819
432 529
432 505
432 977
433 607
433 472
433 594
433 820
433 985
433 664
433 651
433 962
433 940
434 590
434 615
434 886
435 463
435 563
435 712
435 847
435 667
435 650
435 848
435 659
435 496
435 862
435 483
436 648
436 621
436 930
436 583
436 588
436 601
436 522
436 640
436 579
437 451
438 940
438 879
438 634
439 627
439 507
440 739
440 991
440 866
441 630
441 980
441 783
441 468
441 865
441 979
442 819
442 658
442 752
442 564
442 725
442 972
442 959
442 636
442 639
443 942
443 940
443 672
443 636
443 949
443 562
443 777
444 617
444 873
444 704
444 554
444 533
444 526
445 492
445 680
445 552
445 511
446 536
446 571
446 706
446 846
446 719
446 479
446 869
447 989
447 533
448 755
448 585
448 798
448 765
448 469
448 487
448 820
448 773
448 943
449 956
449 457
449 886
449 449
449 733
449 578
450 817
450 524
450 892
450 732
450 604
451 668
451 650
451 991
452 816
452 957
452 889
452 766
452 479
452 507
453 573
453 813
453 644
453 635
454 899
454 786
454 512
455 660
455 916
455 899
456 882
456 678
456 873
456 518
456 722
456 825
456 684
456 704
456 979
456 932
456 996
456 813
456 743
456 611
457 547
457 835
457 570
457 967
457 635
457 926
457 766
457 979
458 688
458 832
458 806
458 844
458 496
458 683
459 936
459 929
460 702
460 488
460 834
460 819
460 863
460 485
460 478
460 746
460 779
461 927
461 561
461 969
461 474
462 915
462 501
462 952
462 993
462 891
462 522
462 855
462 609
462 962
462 871
462 540
462 518
462 605
463 593
463 842
463 773
463 706
463 768
463 562
464 662
464 897
464 963
464 977
464 777
465 789
466 658
466 819
466 582
466 780
466 912
466 988
466 553
466 789
466 620
466 731
466 804
467 910
467 649
468 503
468 729
468 691
468 952
468 469
468 991
468 745
468 663
468 501
468 703
468 602
469 754
469 906
469 790
469 876
470 819
470 538
470 896
470 829
470 915
471 699
471 942
471 962
472 670
472 681
472 912
472 507
472 664
472 865
473 790
473 499
473 944
473 510
473 515
473 846
473 911
473 548
473 959
474 776
474 782
475 910
475 560
475 743
476 645
476 532
476 746
476 507
476 575
476 630
476 920
476 689
476 501
476 729
476 726
476 678
477 649
477 535
477 793
478 556
478 784
478 880
479 574
479 846
479 545
479 957
479 893
479 585
479 751
479 722
479 917
479 677
479 831
479 952
479 699
479 873
479 858
480 770
480 899
480 786
480 777
481 993
481 798
481 518
481 614
482 774
482 968
482 973
482 925
482 882
482 962
482 786
483 863
483 971
483 787
483 483
483 759
484 485
484 581
485 834
485 921
485 702
485 778
485 653
485 485
485 698
485 728
485 864
485 874
485 645
485 562
485 757
485 536
485 546
485 578
486 922
486 688
486 787
486 606
486 674
487 884
487 823
487 502
487 744
487 865
488 824
488 792
488 896
489 912
489 993
489 950
489 807
489 561
489 744
489 890
489 586
490 940
490 643
491 662
491 701
491 870
492 732
492 734
492 801
492 497
492 671
492 957
492 717
492 722
493 959
493 894
494 963
494 514
494 811
495 705
495 507
495 560
495 697
495 548
495 775
495 496
496 909
496 805
496 861
496 828
496 822
496 799
496 916
496 499
496 847
496 531
496 664
496 788
496 620
496 880
496 557
497 521
497 679
497 900
497 718
497 962
497 813
498 718
498 802
498 633
498 777
499 538
500 696
500 615
500 515
500 838
500 612
501 719
501 649
501 982
501 792
501 756
501 666
501 586
501 664
501 608
502 915
502 829
502 555
502 876
502 895
502 942
502 759
502 929
502 581
502 739
502 953
502 993
502 603
503 734
503 704
503 923
503 570
504 859
504 735
504 965
504 894
504 699
504 938
504 961
505 679
505 953
505 719
505 922
505 939
505 950
506 842
506 816
506 885
507 540
507 630
507 855
507 887
507 663
507 537
507 599
508 591
508 666
508 677
508 907
509 746
509 762
510 517
510 869
510 666
510 633
510 646
510 647
511 617
511 990
511 812
512 853
512 548
512 884
512 934
512 636
512 724
513 555
513 782
513 700
514 655
514 578
514 984
514 584
515 917
515 742
515 613
516 827
516 766
516 722
517 790
517 772
517 972
517 771
517 735
517 575
517 795
517 991
518 684
518 991
518 833
518 875
518 889
518 735
518 556
518 973
518 725
518 519
518 931
519 943
519 648
519 702
519 642
519 862
519 963
520 568
520 605
520 629
520 571
521 847
521 875
521 900
521 521
521 747
521 641
521 701
521 913
521 728
521 759
521 722
522 832
522 859
522 928
522 860
522 891
522 649
522 605
522 912
522 981
522 993
523 939
523 944
523 775
523 795
523 579
524 573
524 582
524 901
524 944
524 791
525 686
525 633
525 604
525 785
525 579
526 852
526 617
526 857
526 598
526 599
526 707
527 928
527 941
527 964
527 784
527 614
528 933
528 814
528 878
529 529
529 629
529 754
529 633
529 944
529 942
530 667
530 646
531 981
531 901
532 729
532 902
532 940
532 636
532 786
533 748
533 794
533 993
533 988
533 615
534 534
534 765
534 746
534 710
534 638
535 905
535 541
535 689
535 716
536 741
536 628
536 846
536 631
536 788
536 576
537 804
537 749
537 991
539 819
539 824
539 859
539 786
539 866
540 900
540 894
540 606
540 788
540 734
540 910
540 694
541 762
541 657
541 559
542 902
542 606
542 697
542 883
542 633
542 977
542 970
543 602
543 806
543 804
544 790
544 769
544 940
544 728
545 789
545 901
546 819
546 686
546 639
546 559
546 947
546 837
546 959
546 804
547 891
547 720
547 604
547 696
547 908
548 910
548 636
549 915
550 976
550 737
550 857
550 818
550 799
550 621
551 996
551 924
551 723
551 971
551 577
551 589
552 851
552 815
552 895
552 975
552 846
552 692
552 569
553 695
553 708
553 975
553 833
553 553
553 825
553 866
553 848
553 897
553 587
553 620
553 817
553 824
553 714
553 842
553 722
554 986
554 973
554 555
555 996
555 977
555 588
555 572
556 658
556 582
556 928
556 820
556 764
556 913
556 750
557 645
557 915
557 837
558 613
558 736
559 604
559 752
559 788
559 746
560 910
560 560
560 720
560 601
560 931
560 839
560 645
560 600
560 604
560 726
560 636
560 898
561 909
561 706
562 604
562 804
562 682
562 697
563 673
563 906
563 687
563 636
564 819
564 965
564 840
564 635
564 602
564 956
565 910
565 778
565 731
565 716
565 579
566 900
566 944
566 857
566 954
566 786
566 730
567 907
567 842
567 871
567 746
568 837
568 793
568 737
568 922
569 801
569 574
569 900
569 852
570 744
570 872
571 816
571 585
571 571
571 942
571 607
571 957
571 846
571 869
571 862
572 685
572 956
572 723
572 798
573 953
573 813
573 674
574 778
574 641
574 793
575 887
575 850
575 902
576 677
576 612
576 899
576 786
577 933
577 760
577 957
577 850
577 854
578 677
578 588
579 645
579 654
579 810
579 633
579 918
579 731
579 985
579 711
580 883
581 790
581 586
581 955
582 774
582 636
582 769
582 583
582 948
583 869
583 819
583 752
583 774
583 599
583 932
583 848
584 848
584 770
584 637
584 847
584 734
584 915
585 756
585 654
585 869
585 836
586 960
587 615
587 848
587 920
587 962
587 777
588 734
588 681
588 942
588 685
589 944
589 634
589 618
589 655
589 624
590 915
590 942
590 790
590 624
591 599
591 949
591 991
592 637
593 643
593 902
593 889
594 941
594 594
594 788
595 932
595 744
595 686
595 844
595 729
596 819
596 799
596 882
596 744
597 644
597 747
598 743
598 628
599 947
599 807
600 746
601 621
601 601
601 930
602 741
602 989
602 977
602 967
602 950
602 613
603 915
603 758
603 865
603 692
603 723
604 887
604 623
604 978
604 980
604 910
604 720
604 739
604 849
604 674
604 914
604 827
604 610
604 874
604 916
604 685
604 737
604 786
605 691
605 891
605 769
605 993
605 636
606 666
606 673
606 996
606 880
607 734
608 982
608 839
608 636
608 775
609 812
609 668
609 614
609 775
609 631
609 782
610 848
610 935
610 992
611 653
611 794
611 696
612 921
612 749
612 976
612 730
612 713
612 838
613 770
613 977
613 682
613 699
613 771
614 628
614 936
614 981
614 904
615 615
615 984
615 904
615 766
615 633
616 913
616 954
617 940
617 685
617 672
617 843
618 760
618 726
618 986
619 913
619 715
619 995
619 638
620 781
620 819
620 658
620 815
620 809
620 748
621 915
621 662
621 842
621 770
621 669
621 899
622 720
622 762
623 910
623 978
623 980
624 910
624 720
624 846
624 781
624 724
625 677
625 678
625 942
626 957
626 846
626 970
627 732
627 942
627 815
627 788
627 730
627 986
627 836
628 910
628 720
628 706
628 984
628 688
629 957
629 644
629 649
629 886
629 640
629 973
630 990
630 714
631 863
631 773
631 682
632 735
632 851
633 753
633 883
633 699
633 633
633 686
633 657
633 884
633 947
633 837
633 878
633 723
633 781
633 987
633 953
633 817
633 727
634 910
634 915
634 788
634 710
634 832
635 772
635 993
635 947
635 711
636 793
636 942
636 713
636 994
636 926
636 961
636 756
636 848
636 751
636 887
636 854
636 640
636 958
636 860
636 966
637 778
637 651
637 677
638 977
639 724
639 870
640 841
640 730
641 907
641 863
641 796
642 690
643 848
643 681
643 712
643 716
643 872
644 937
644 812
644 790
644 722
645 656
645 758
645 910
645 917
645 782
645 763
645 866
646 777
647 907
647 917
647 886
647 807
647 866
648 905
648 975
648 792
648 750
648 957
648 706
649 860
649 691
649 891
649 982
649 899
650 927
650 828
651 719
651 666
651 677
651 960
651 756
652 883
652 793
653 841
653 702
653 834
654 758
654 701
655 900
655 728
655 949
656 946
656 954
656 967
656 953
657 697
657 837
658 947
658 853
659 775
659 814
660 920
661 701
661 779
662 790
662 842
662 982
662 805
663 882
663 791
664 695
664 768
664 954
664 874
665 677
665 723
665 697
665 966
665 992
665 799
666 806
666 924
666 677
666 880
666 786
666 870
667 790
667 915
667 781
667 823
667 776
668 780
668 969
668 825
669 880
669 973
669 735
670 915
670 712
670 677
670 880
670 747
671 790
671 673
671 874
671 903
672 808
672 677
672 751
672 992
673 790
673 797
674 861
674 729
674 836
675 718
675 982
675 963
675 952
676 731
676 786
677 802
677 903
677 931
677 953
677 691
677 842
677 720
677 712
677 737
677 943
677 945
677 818
678 879
678 899
679 875
679 734
679 742
680 790
680 797
680 782
681 713
681 862
682 846
682 956
684 791
685 867
686 891
686 844
687 914
687 799
687 899
688 803
688 957
688 780
688 912
689 815
689 734
689 920
689 819
689 947
689 775
689 786
690 819
690 970
691 734
691 913
691 993
691 936
691 911
692 851
692 925
692 821
692 852
693 945
693 851
694 720
694 993
694 882
695 731
695 970
695 761
695 983
696 717
696 976
696 841
697 750
697 703
697 777
697 699
698 824
698 778
698 945
698 909
698 933
698 931
699 771
699 911
700 757
700 853
700 749
701 773
701 817
701 798
701 942
702 841
702 795
702 763
703 785
703 882
703 830
705 927
705 733
705 762
705 767
706 808
706 716
707 734
708 993
709 932
709 800
709 916
709 774
709 807
711 716
711 912
711 835
711 761
712 737
712 813
712 740
712 826
712 866
713 762
713 961
713 850
713 862
713 809
714 790
715 788
715 866
715 815
715 862
716 890
716 821
716 838
716 956
716 885
716 833
716 914
717 915
717 780
717 819
717 971
717 771
718 915
718 921
718 758
718 780
718 862
719 840
720 980
720 887
720 739
720 849
720 987
720 770
720 830
720 993
720 748
720 798
720 786
721 863
721 909
721 737
721 726
721 878
722 971
722 905
723 744
723 890
723 739
723 816
723 916
724 915
724 936
724 747
725 758
725 860
725 805
725 809
726 824
727 970
727 973
728 807
729 940
730 918
730 748
731 915
731 919
731 815
732 894
732 734
732 755
734 847
734 981
734 838
734 784
734 840
735 983
735 980
736 852
736 915
736 769
737 790
738 788
738 747
738 968
739 841
740 947
740 977
741 937
741 777
742 755
742 805
743 864
743 957
745 942
745 759
745 786
746 905
746 746
746 808
746 751
746 820
746 762
746 991
747 970
749 783
749 922
749 838
749 948
750 767
752 985
752 982
753 880
754 944
755 900
755 847
755 910
755 790
757 815
757 990
757 784
757 836
757 898
758 926
759 934
759 862
759 759
759 857
759 951
759 873
760 902
760 783
761 905
761 918
761 818
762 927
762 945
762 857
762 991
762 996
762 913
763 822
763 894
764 789
764 798
764 815
765 803
767 798
767 967
767 769
767 935
769 835
770 946
771 915
771 946
772 790
772 823
772 791
772 943
773 990
774 819
774 780
774 877
775 775
775 918
775 796
775 886
775 916
775 949
776 782
777 777
777 814
777 811
777 779
777 836
777 970
778 834
778 921
778 841
779 847
779 825
779 973
780 819
780 942
781 829
782 863
782 869
782 827
783 788
783 855
783 821
785 898
786 977
786 899
786 845
786 854
786 786
786 896
786 898
786 866
786 926
786 788
786 889
786 870
787 862
787 967
789 846
790 939
790 797
790 922
790 790
790 984
790 960
790 910
793 869
793 844
794 977
796 852
796 797
796 862
797 806
798 853
799 876
800 800
801 807
802 813
802 833
803 987
803 831
803 846
804 813
804 973
804 898
804 964
804 870
805 910
807 965
807 986
807 868
807 909
807 976
807 951
807 862
808 934
808 987
808 958
808 932
809 978
809 878
810 909
810 810
810 899
811 924
812 824
812 813
813 813
813 892
813 966
813 919
813 861
814 917
814 963
815 815
815 952
815 949
816 840
816 846
817 943
817 928
817 926
818 919
818 942
818 853
818 928
818 930
819 929
819 956
820 852
822 920
822 847
823 915
823 907
824 918
824 929
824 856
825 881
825 947
826 969
826 915
827 907
827 977
827 989
829 987
829 886
831 883
832 855
832 858
832 982
832 993
833 867
833 955
833 991
834 888
834 834
834 851
834 891
834 913
834 920
834 977
835 944
836 967
836 974
836 918
836 931
839 914
841 867
842 932
842 862
843 964
845 915
845 930
846 893
846 869
846 960
846 969
846 851
846 849
846 968
847 863
848 900
848 894
849 910
849 943
851 972
852 910
852 869
853 903
854 937
854 861
854 992
855 935
855 913
855 982
855 964
855 955
856 917
857 922
857 917
857 993
857 945
857 951
858 942
858 886
859 913
859 993
859 992
859 908
860 913
860 982
862 918
864 915
864 867
865 908
866 905
866 898
868 976
868 985
869 957
869 929
869 942
869 973
871 921
872 879
873 970
874 978
876 982
876 960
877 959
877 960
879 882
879 967
879 991
880 901
880 896
881 913
883 909
884 947
884 890
885 956
885 986
886 956
886 953
887 910
887 978
888 915
888 985
889 950
891 982
892 904
893 990
895 996
895 976
897 953
899 963
899 899
900 934
901 915
902 984
904 966
904 914
905 915
905 932
907 917
907 915
909 916
910 943
910 987
910 916
910 966
910 980
911 935
911 956
911 930
911 993
913 993
913 928
913 982
913 913
913 965
913 988
914 938
915 915
915 925
915 946
915 988
915 921
916 958
917 943
917 972
917 980
921 996
923 925
923 927
923 945
925 977
927 945
928 992
932 941
934 959
936 936
937 989
939 962
940 955
941 947
942 959
942 954
944 945
944 974
945 950
947 985
952 964
955 991
966 991
973 985
979 979
980 984
983 992
994 994
