155 256
102 133
365 458
211 399
87 248
188 240
273 353
197 278
1 424
281 345
223 418
310 358
427 478
265 306
16 312
193 424
52 130
93 479
421 471
182 480
359 398
31 388
10 199
32 347
213 369
32 439
84 275
98 416
444 478
262 461
334 449
380 395
63 438
96 242
181 354
6 478
200 276
19 345
179 252
201 366
0 254
108 406
14 403
196 450
41 299
11 126
178 382
234 371
182 286
168 337
204 314
130 355
55 77
435 444
50 209
2 147
69 193
273 434
74 418
306 371
70 404
301 385
55 313
38 204
199 406
107 449
177 212
8 83
268 389
359 460
337 454
70 120
480 491
123 431
26 248
287 316
61 74
328 337
131 406
65 252
409 435
131 458
72 91
212 233
15 232
172 467
91 307
6 378
163 469
65 105
10 204
368 392
256 279
154 164
204 406
204 350
82 137
158 223
302 486
324 491
19 284
129 459
379 428
260 399
218 409
261 302
230 230
43 354
200 236
64 489
4 460
29 43
154 281
174 400
227 459
282 403
424 477
46 468
43 163
387 461
326 389
430 434
405 408
26 43
277 432
29 488
431 432
293 345
288 438
92 378
2 120
198 209
26 460
40 150
91 251
121 230
399 476
146 465
168 477
38 160
430 454
297 465
51 83
348 427
55 114
204 207
98 177
235 309
301 388
313 370
208 468
87 309
148 204
132 135
120 228
313 332
421 480
116 139
175 238
424 427
129 204
80 285
208 345
9 172
37 111
63 101
13 382
202 274
306 470
98 169
379 463
84 213
248 364
265 313
214 452
363 438
55 253
22 460
221 402
315 431
37 384
34 376
21 356
61 325
122 357
274 482
32 98
151 246
9 479
158 450
4 340
81 404
185 372
359 413
301 464
135 221
177 211
338 475
1 254
49 340
162 238
187 236
267 381
31 199
157 238
229 405
387 481
331 491
250 255
280 460
119 466
56 400
101 344
278 342
45 149
100 235
201 371
249 328
365 411
346 483
45 66
47 65
396 425
52 265
78 110
149 449
124 202
304 423
450 475
54 465
81 396
224 375
234 307
15 256
416 472
15 427
214 358
134 376
282 454
116 452
98 147
42 420
454 483
9 329
67 296
304 310
191 392
182 242
133 477
33 302
18 42
232 309
115 266
258 422
337 477
71 234
12 287
243 305
63 212
291 478
60 232
244 359
83 424
165 265
150 228
76 104
122 236
273 351
283 329
8 65
85 283
394 399
106 111
168 210
218 319
151 225
284 401
60 128
42 157
327 489
152 224
216 346
272 451
155 323
257 444
13 198
49 103
81 374
129 342
81 220
1 191
18 423
249 441
160 294
184 363
288 425
171 478
374 449
197 441
335 483
367 413
419 441
166 346
165 332
103 404
324 428
314 463
18 81
60 242
173 178
89 382
43 412
89 212
18 187
26 256
43 158
238 284
298 435
54 215
267 433
314 419
81 360
5 89
219 471
198 446
207 315
345 459
236 481
16 24
161 390
5 184
300 332
153 351
86 456
179 225
222 258
25 57
222 443
32 88
219 442
106 343
140 294
283 457
19 195
159 486
286 305
234 448
167 470
18 353
19 199
210 236
23 83
161 261
23 406
12 75
93 166
23 385
195 348
313 390
313 482
129 446
87 478
73 288
95 477
325 440
41 293
24 27
18 346
20 307
434 479
115 115
134 179
33 139
275 330
90 445
65 471
204 360
138 192
335 336
48 150
68 257
171 221
74 85
265 359
44 256
70 303
295 401
2 363
27 97
373 373
5 350
72 266
259 264
125 377
176 457
5 348
163 452
176 280
201 457
236 403
401 465
286 480
325 415
215 241
28 60
113 159
7 389
373 481
10 430
102 347
172 328
220 314
386 471
0 79
29 470
5 285
54 328
238 313
155 421
231 310
192 438
236 355
311 403
138 156
275 297
98 388
149 478
361 432
258 258
39 192
42 47
160 412
319 449
131 276
155 436
380 481
52 150
183 218
43 209
291 449
438 439
57 100
275 290
119 449
95 190
267 439
17 43
121 438
234 418
47 193
34 43
14 260
204 251
130 194
97 150
141 308
239 393
28 39
404 418
199 260
8 37
47 452
167 391
249 313
153 341
184 412
250 350
19 53
96 138
8 249
148 454
187 447
292 438
133 389
319 396
227 372
213 234
313 397
227 448
2 97
234 345
88 393
97 122
256 427
189 285
17 17
40 445
75 115
63 429
326 449
91 252
91 326
50 237
302 333
54 381
218 455
245 260
272 368
200 357
314 467
264 349
248 412
406 464
221 430
186 366
151 307
5 454
5 241
98 216
81 391
30 283
453 458
257 318
69 438
113 364
199 231
146 216
43 82
373 422
133 488
58 434
66 353
45 253
357 416
119 174
84 453
49 119
202 235
328 455
327 352
166 368
1 207
181 213
155 180
270 478
204 426
92 308
176 460
77 206
201 268
279 457
64 313
14 409
175 328
95 430
312 330
74 429
320 485
281 317
52 239
296 299
43 458
52 298
217 442
65 238
237 449
63 449
183 386
68 401
146 361
211 404
449 482
10 227
18 132
200 412
290 311
409 434
87 256
449 487
245 303
94 360
297 401
285 401
197 485
91 92
338 446
345 349
126 229
130 205
390 434
293 379
197 423
54 365
157 168
186 459
78 227
227 333
75 254
183 352
73 342
216 324
413 426
190 399
8 377
188 478
202 478
34 339
459 465
221 231
42 438
183 229
16 316
279 383
18 279
99 473
65 241
170 440
109 170
410 454
52 230
234 385
227 461
184 439
348 478
30 208
3 402
282 484
117 268
338 417
103 206
8 238
274 310
119 204
63 98
127 278
43 446
437 479
76 447
262 455
201 313
272 338
403 429
137 382
357 431
73 284
259 380
59 287
110 228
403 406
313 470
128 163
70 220
98 359
352 427
147 234
16 118
156 472
173 305
84 133
91 318
267 395
328 417
89 372
49 381
84 194
321 366
135 248
298 405
301 347
0 48
13 98
91 254
247 438
68 275
248 263
189 466
135 364
88 288
34 277
22 275
18 59
388 458
269 311
69 69
197 433
249 326
4 362
244 408
8 336
226 428
127 275
82 172
184 443
292 313
130 490
335 403
88 161
361 402
248 367
165 257
238 323
32 326
71 478
260 390
267 288
73 272
266 297
288 410
184 419
327 434
96 478
127 460
66 123
253 382
179 281
50 138
48 236
55 485
45 300
0 445
99 99
69 350
207 445
200 435
203 366
98 411
79 347
95 407
358 449
89 96
479 487
112 289
105 337
130 130
8 477
270 338
388 469
73 227
209 479
65 80
126 142
247 314
8 423
141 342
80 235
169 204
178 388
271 338
179 242
76 427
248 276
114 132
249 314
93 397
104 139
64 84
17 449
61 281
47 144
117 226
185 338
118 278
209 449
27 32
316 370
118 454
36 230
101 283
204 419
41 433
204 204
140 388
108 403
411 476
210 319
5 106
98 247
67 286
51 263
258 451
85 145
66 338
449 469
73 176
448 474
244 423
62 374
94 235
327 479
121 295
161 453
299 369
42 455
116 479
49 269
43 270
186 294
169 190
56 183
6 484
44 337
128 312
113 274
185 330
384 461
97 132
136 316
14 188
21 403
282 460
170 188
23 268
96 167
162 209
118 131
53 472
233 285
17 20
379 485
43 189
351 466
259 382
0 143
222 449
145 196
44 216
190 221
25 334
452 485
126 320
191 192
233 251
78 363
456 460
351 443
183 354
394 412
176 312
65 175
58 83
228 339
171 404
173 449
233 269
186 328
358 395
112 366
13 113
86 473
420 490
313 331
201 404
235 347
12 489
67 386
239 336
109 353
17 451
11 465
136 343
109 130
76 84
124 289
84 337
186 267
317 338
225 331
43 215
23 142
233 376
160 347
16 278
78 397
4 246
379 379
89 217
274 313
130 334
255 328
165 446
94 356
37 322
112 352
209 460
151 281
88 414
245 373
125 336
91 297
251 391
14 253
144 281
212 313
416 459
342 472
343 397
210 420
27 123
226 453
386 389
134 304
64 119
204 449
383 406
403 463
29 407
7 449
183 262
32 330
88 295
2 271
251 275
328 378
51 338
330 437
279 316
316 368
143 221
35 419
234 427
379 456
46 351
59 262
35 172
164 465
114 240
371 462
22 29
317 404
62 341
81 296
3 391
16 244
142 298
283 383
84 443
236 478
158 277
256 288
321 434
232 364
438 472
183 228
200 426
310 375
66 66
36 218
9 40
20 381
257 308
292 396
30 107
94 160
190 285
61 239
294 447
90 199
321 342
259 477
244 371
126 322
349 412
32 262
152 205
152 175
349 419
152 456
79 157
31 324
27 265
265 268
452 454
70 83
189 482
171 371
457 478
126 372
323 398
207 469
304 362
326 425
243 474
34 180
344 366
106 360
316 462
417 478
292 437
150 234
203 453
12 415
61 318
210 414
346 356
436 461
219 313
