403 429
31 199
123 431
365 411
176 312
383 406
93 479
75 254
304 362
227 333
214 358
214 452
434 479
186 366
102 133
292 396
267 381
323 398
117 226
179 252
54 381
18 81
23 268
47 144
210 414
200 435
386 471
197 441
6 478
81 296
277 432
321 342
338 475
211 399
2 147
219 442
70 220
198 209
113 159
218 455
229 405
299 369
183 229
8 477
165 257
265 313
55 77
218 409
8 336
295 401
297 401
421 480
328 417
63 438
34 43
48 150
435 444
122 236
230 230
338 417
128 312
70 83
200 276
286 305
24 27
119 204
224 375
373 422
42 47
192 438
101 344
210 236
33 139
348 427
479 487
69 69
292 437
49 381
60 128
66 123
380 395
343 397
179 281
248 364
154 281
236 478
29 43
296 299
168 210
32 347
359 460
114 240
112 289
171 221
67 386
17 17
47 452
126 372
84 337
101 283
182 480
281 345
365 458
151 281
165 265
125 336
255 328
186 267
15 256
84 213
325 440
18 279
5 348
63 98
41 293
74 85
63 449
133 389
274 310
38 160
92 308
204 419
26 248
76 427
98 216
189 482
262 461
18 42
47 193
69 350
222 449
204 449
193 424
84 453
275 330
152 224
273 434
249 441
126 322
314 419
91 297
43 209
54 215
8 249
32 98
109 170
130 205
169 204
313 332
76 104
119 174
218 319
88 393
313 331
401 465
23 142
450 475
0 254
143 221
10 227
179 225
190 285
279 316
338 446
262 455
233 285
146 216
452 454
17 20
65 471
388 469
161 453
84 443
168 477
201 313
38 204
380 481
87 478
127 460
195 348
63 429
71 234
379 428
81 220
238 313
359 398
237 449
12 415
0 48
140 294
29 488
130 334
403 406
286 480
358 449
132 135
394 412
106 343
32 326
325 415
45 253
157 168
115 266
71 478
116 139
457 478
43 270
135 221
131 458
41 433
223 418
52 239
134 304
112 366
34 339
182 242
44 256
161 261
202 478
119 449
279 457
0 143
274 313
227 459
298 435
249 314
124 289
317 338
204 350
42 157
161 390
209 449
411 476
43 82
73 288
155 180
65 80
67 286
61 281
134 376
239 393
191 392
96 242
396 425
152 175
184 363
387 461
43 446
88 414
13 113
250 255
52 150
183 354
23 83
63 101
50 209
6 378
361 402
19 345
77 206
321 366
78 363
427 478
315 431
82 137
5 285
344 366
403 463
19 284
379 485
93 397
387 481
51 263
50 138
363 438
45 300
5 184
32 262
160 347
155 256
36 218
25 57
96 167
23 385
90 199
410 454
131 276
212 313
371 462
136 343
105 337
138 192
130 194
91 326
167 470
127 275
158 223
22 275
232 309
168 337
316 370
52 130
173 178
244 371
14 409
313 482
324 491
259 477
448 474
211 404
55 485
10 430
234 307
81 404
166 346
258 258
28 39
264 349
84 133
61 74
70 404
99 473
431 432
319 449
186 459
64 119
282 403
74 418
404 418
12 489
104 139
183 386
247 438
1 424
386 389
327 434
291 478
221 430
130 130
282 454
452 485
179 242
204 360
73 284
39 192
155 421
226 428
27 265
33 302
245 373
424 427
217 442
313 397
282 484
11 126
46 351
126 320
142 298
358 395
119 466
335 483
200 426
227 372
6 484
41 299
244 423
57 100
173 449
342 472
18 346
61 318
35 419
270 478
15 232
316 368
121 295
56 400
30 208
122 357
234 371
96 138
19 199
258 422
413 426
270 338
146 465
54 328
22 29
248 367
345 459
190 221
7 449
203 453
150 228
311 403
334 449
438 472
207 469
52 230
327 352
284 401
91 251
328 378
10 204
69 438
54 465
256 288
204 207
133 488
257 308
166 368
65 238
1 191
109 130
210 420
251 275
103 404
89 212
136 316
272 368
327 489
330 437
20 307
203 366
266 297
368 392
141 308
37 111
183 228
151 225
273 351
259 380
306 470
94 160
454 483
172 328
94 356
141 342
171 478
87 256
83 424
207 445
319 396
196 450
416 472
26 256
209 460
98 177
167 391
335 336
234 448
98 411
202 235
16 118
16 316
110 228
4 340
302 486
234 418
282 460
245 260
23 406
287 316
158 277
8 423
204 426
65 105
209 479
32 88
72 91
257 444
169 190
70 303
208 345
236 481
68 275
163 452
65 241
406 464
438 439
176 280
213 234
283 383
18 132
108 403
248 263
388 458
328 455
65 175
76 447
8 238
8 65
112 352
67 296
419 441
288 438
200 357
148 454
301 388
260 399
150 234
151 307
185 330
14 403
279 383
244 408
159 486
1 254
265 359
249 326
272 451
261 302
68 401
18 187
233 376
9 329
228 339
250 350
453 458
238 284
43 354
326 425
30 283
313 370
64 84
326 389
64 489
43 215
430 454
130 355
235 309
78 397
312 330
301 347
59 262
384 461
335 403
293 345
31 324
40 150
437 479
204 204
216 346
18 423
248 412
9 172
62 341
291 449
135 364
66 353
5 350
198 446
183 352
91 307
17 449
81 374
204 251
247 314
219 313
349 419
62 374
0 445
170 188
129 204
326 449
210 319
176 460
184 419
16 244
43 189
219 471
11 465
1 207
258 451
316 462
197 278
44 337
98 169
236 403
160 412
2 120
162 238
55 114
204 314
53 472
152 456
275 297
129 342
44 216
186 294
25 334
124 202
116 479
138 156
183 218
233 269
232 364
184 439
351 443
42 420
127 278
16 24
56 183
37 384
221 402
95 430
331 491
197 423
201 404
201 457
34 376
98 147
89 217
399 476
207 315
148 204
367 413
78 227
8 83
16 312
147 234
324 428
21 403
17 451
74 429
430 434
253 382
42 438
157 238
114 132
45 66
34 180
248 276
60 242
200 236
135 248
2 363
288 410
449 487
18 59
178 382
155 436
14 260
47 65
7 389
92 378
86 456
185 372
222 258
201 366
26 43
130 490
290 311
281 317
390 434
121 230
18 353
81 396
61 239
345 349
4 460
52 265
424 477
379 456
95 477
300 332
84 275
40 445
60 232
171 371
45 149
58 434
171 404
26 460
249 328
267 433
87 309
125 377
22 460
212 233
346 483
118 131
146 361
177 211
97 150
285 401
373 481
121 438
244 359
346 356
158 450
117 268
152 205
234 385
34 277
357 431
149 449
420 490
191 192
55 253
73 342
108 406
4 246
313 390
128 163
19 53
379 463
231 310
76 84
444 478
107 449
292 313
213 369
310 358
59 287
94 360
9 40
50 237
265 306
313 470
301 464
28 60
275 290
36 230
5 89
374 449
235 347
409 434
172 467
49 119
449 469
187 236
134 179
202 274
75 115
12 75
204 406
267 395
73 176
267 288
283 457
14 253
65 252
126 229
14 188
12 287
96 478
156 472
199 231
304 423
0 79
160 294
79 347
89 96
221 231
98 416
79 157
187 447
208 468
113 364
90 445
269 311
21 356
239 336
85 283
32 330
227 448
42 455
293 379
5 106
215 241
201 268
3 391
129 446
480 491
73 272
249 313
170 440
20 381
259 264
81 360
165 332
137 382
337 477
220 314
89 382
13 382
27 97
199 260
178 388
259 382
66 338
416 459
459 465
98 388
88 288
64 313
197 485
280 460
310 375
176 457
145 196
394 399
257 318
265 268
181 213
151 246
449 482
94 235
49 103
78 110
238 323
120 228
58 83
129 459
80 235
109 353
9 479
163 469
103 206
306 371
175 328
409 435
320 485
186 328
87 248
188 478
106 360
115 115
93 166
348 478
5 241
49 269
84 194
328 337
357 416
301 385
89 372
236 355
66 66
243 305
165 446
181 354
27 32
456 460
48 236
8 377
113 274
131 406
133 477
227 461
314 467
182 286
298 405
95 190
352 427
49 340
321 434
4 362
421 471
216 324
175 238
201 371
91 254
379 379
190 399
185 338
173 305
73 227
126 142
183 262
245 303
302 333
361 432
274 482
405 408
337 454
278 342
200 412
52 298
373 373
222 443
35 172
164 465
69 193
2 97
234 345
10 199
184 412
91 92
417 478
317 404
31 388
81 391
359 413
102 347
30 107
5 454
267 439
32 439
273 353
283 329
144 281
91 252
260 390
95 407
197 433
268 389
188 240
327 479
15 427
314 463
256 279
16 278
292 438
100 235
162 209
177 212
72 266
43 158
436 461
154 164
99 99
149 478
153 341
29 470
297 465
349 412
46 468
98 247
55 313
116 452
174 400
256 427
97 122
8 37
88 295
226 453
86 473
251 391
80 285
294 447
37 322
43 163
88 161
82 172
29 407
17 43
61 325
97 132
98 359
43 458
234 427
27 123
189 285
54 365
19 195
233 251
63 212
140 388
304 310
225 331
91 318
85 145
118 454
271 338
3 402
153 351
272 338
288 425
51 83
70 120
106 111
13 98
189 466
118 278
199 406
243 474
51 338
13 198
155 323
68 257
351 466
2 271
43 412
184 443
